uri:/instrument/1.0/^DJI/chartdata;type=quote;range=10d/csv
ticker:^dji
Company-Name:Dow Jones Industrial Average
Exchange-Name:DJI
unit:MIN
timezone:EDT
currency:USD
gmtoffset:-14400
previous_close:16530.5508
range:20140423,1398259800,1398283200
range:20140424,1398346200,1398369600
range:20140425,1398432600,1398456000
range:20140428,1398691800,1398715200
range:20140429,1398778200,1398801600
range:20140430,1398864600,1398888000
range:20140501,1398951000,1398974400
range:20140502,1399037400,1399060800
range:20140505,1399296600,1399320000
range:20140506,1399383000,1399406400
Timestamp:1398259800,1399406400
labels:1398259800,1398346200,1398432600,1398691800,1398778200,1398864600,1398951000,1399037400,1399296600,1399383000
values:Timestamp,close,high,low,open,volume
close:16318.2100,16610.4395
high:16326.2998,16620.0605
low:16312.6602,16607.4297
open:16317.8301,16610.1191
volume:0,35142500
1398260099,16513.4707,16521.6309,16503.1309,16512.5098,8020300
1398260399,16508.5293,16513.3398,16501.7207,16513.3398,1949200
1398260699,16504.5605,16525.9902,16502.1992,16510.0098,1451900
1398260999,16496.6406,16505.3809,16492.5293,16505.3809,1317900
1398261299,16497.8301,16499.5703,16492.1504,16495.9102,1049900
1398261599,16500.4004,16504.8398,16494.5293,16497.6992,671900
1398261899,16478.0508,16500.9199,16477.7109,16500.9199,1411500
1398262199,16483.2207,16489.4492,16477.9199,16477.9199,1220900
1398262499,16487.3301,16494.7793,16481.6191,16482.7695,921900
1398262799,16492.7305,16498.1191,16484.8301,16487.1094,974900
1398263099,16503.5391,16506.5703,16490.1309,16492.4707,894700
1398263399,16504.1602,16508.8496,16499.8496,16503.4395,706700
1398263699,16499.3105,16505.3809,16498.7305,16504.0293,867600
1398263999,16506.6602,16506.6602,16497.4805,16499.3691,607200
1398264299,16513.9199,16513.9199,16501.6504,16506.6309,692400
1398264595,16510.3809,16516.5195,16509.7793,16514.3105,670100
1398264899,16511.9902,16519.6602,16510.2305,16510.2305,922900
1398265199,16506.4102,16512.3203,16502.9395,16511.3496,765900
1398265499,16503.4609,16510.7402,16503.4609,16506.2109,690100
1398265799,16504.1895,16507.5801,16502.1699,16503.3594,366400
1398266099,16487.2402,16505.4492,16487.1699,16505.1309,597100
1398266399,16490.1895,16491.3809,16486.1309,16487.6191,562800
1398266699,16479.2109,16490.3203,16478.3691,16490.1309,449700
1398266999,16487.9395,16489.6094,16478.7598,16478.7598,477300
1398267299,16496.9707,16500.4004,16486.7598,16488.2598,607600
1398267599,16497.2598,16497.7207,16491.7598,16496.6797,404300
1398267899,16496.9805,16502.6504,16494.8301,16497.3809,458200
1398268199,16494.3398,16496.5898,16491.1895,16496.5293,335000
1398268499,16499.5898,16499.9102,16494.0391,16494.4004,411600
1398268799,16496.8691,16502.1992,16496.5801,16499.7598,530000
1398269099,16493.2109,16496.8691,16491.6406,16496.8691,367900
1398269399,16490.3203,16495.2598,16490.2598,16494.6504,379900
1398269699,16491.5293,16493.7598,16488.0703,16490.3809,356900
1398269999,16488.7305,16494.0801,16488.7305,16492.3594,268400
1398270299,16491.1191,16493.2109,16487.1406,16488.7305,280800
1398270599,16495.1602,16495.2305,16485.7305,16491.1191,315100
1398270893,16497.9297,16501.5293,16493.3203,16495.1602,406200
1398271195,16502.1895,16503.7109,16497.2207,16497.2207,337200
1398271499,16505.6699,16508.0605,16501.4004,16502.0000,370800
1398271799,16511.0195,16511.9609,16505.5391,16505.6699,331900
1398272099,16511.2207,16512.4102,16508.3809,16510.9707,205300
1398272399,16507.0098,16511.3906,16506.8809,16511.2891,273200
1398272699,16510.8105,16510.8105,16506.3691,16506.4297,364500
1398272999,16503.6406,16510.8398,16502.7207,16510.8398,450300
1398273299,16501.5293,16503.8809,16501.2793,16503.7109,373600
1398273599,16506.1191,16506.1191,16499.0195,16501.1992,331800
1398273899,16505.6895,16508.4902,16505.1895,16507.3398,363300
1398274199,16508.3301,16512.2500,16505.6191,16505.6191,333500
1398274499,16507.8496,16511.0000,16506.4707,16508.4297,305500
1398274799,16501.0996,16507.9199,16499.2793,16507.8398,501800
1398275099,16502.6504,16508.5605,16501.0098,16501.1992,391800
1398275399,16499.5293,16503.0703,16494.8105,16502.6797,409300
1398275699,16507.0195,16508.8496,16499.4102,16499.4395,317100
1398275999,16500.7305,16507.5898,16498.9199,16507.0801,262000
1398276299,16499.7891,16500.7598,16495.8691,16500.7598,466400
1398276599,16501.1992,16501.5605,16491.9902,16499.7891,563500
1398276899,16495.1094,16501.3809,16495.1094,16500.9395,501900
1398277199,16488.6191,16494.9805,16488.5898,16494.9805,510900
1398277499,16490.5391,16492.9492,16487.4004,16489.3906,417500
1398277799,16494.8105,16495.8594,16490.0801,16490.5391,418100
1398278099,16495.0703,16495.2598,16488.3008,16494.6504,677100
1398278399,16490.8008,16495.5195,16489.8691,16495.0000,524000
1398278699,16491.5703,16495.9395,16489.6094,16490.4805,408400
1398278999,16493.5801,16495.3301,16489.6797,16491.5703,466100
1398279299,16502.8105,16504.1309,16492.8809,16493.1992,683300
1398279599,16504.1191,16506.6895,16502.3008,16502.4199,401100
1398279899,16503.0508,16504.4199,16501.2402,16503.8594,626300
1398280199,16508.9102,16508.9102,16502.9707,16502.9707,711400
1398280499,16507.6895,16509.0703,16504.5605,16508.9102,826200
1398280799,16504.1797,16509.0605,16503.7500,16507.8203,800700
1398281099,16509.1699,16513.4492,16504.1797,16504.1797,700200
1398281399,16503.7500,16509.4199,16502.4102,16509.3008,864600
1398281699,16503.5195,16507.9805,16503.2109,16503.6309,821700
1398281999,16511.9805,16513.7402,16503.4492,16503.4492,815700
1398282299,16510.7207,16512.4609,16505.9902,16512.2402,1197400
1398282599,16510.4805,16510.7402,16502.8691,16510.7402,1807800
1398282899,16508.3008,16512.3105,16508.0391,16510.7109,1600400
1398283199,16501.3008,16510.0293,16500.8203,16508.1406,5747400
1398283200,16501.6504,16501.6504,16501.6504,16501.6504,14957700
1398346499,16535.1094,16537.0996,16499.4395,16506.5293,0
1398346799,16511.8594,16534.9492,16506.0898,16534.9492,1849600
1398347099,16489.6094,16512.0605,16487.4297,16512.0605,1738400
1398347399,16463.7402,16496.0000,16454.9297,16485.5000,1933100
1398347699,16480.5898,16480.6191,16459.1406,16463.6992,1605800
1398347999,16479.6797,16488.8105,16472.8496,16480.8398,1255900
1398348241,16458.7598,16479.9199,16457.6602,16479.6895,1173300
1398348599,16458.2402,16476.3496,16452.3008,16472.5605,1672800
1398348899,16473.4609,16473.9805,16454.3809,16458.8809,1209700
1398349199,16490.2891,16493.9902,16472.4004,16473.8809,1174800
1398349499,16490.9199,16495.6895,16485.5996,16490.5391,989500
1398349799,16498.9609,16498.9609,16482.3203,16491.2207,1011400
1398350085,16492.9199,16506.5605,16492.5898,16499.2109,693800
1398350399,16502.6191,16504.4199,16491.9199,16491.9199,735600
1398350699,16492.4102,16507.0801,16492.0195,16501.9102,734900
1398350999,16485.5293,16497.1895,16483.6094,16491.6992,580700
1398351299,16485.5293,16487.1699,16481.8594,16485.5996,624200
1398351599,16493.1094,16495.8105,16483.9609,16485.4707,619300
1398351899,16496.2598,16496.2598,16490.0293,16493.3691,622300
1398352199,16510.5195,16513.5293,16498.3809,16499.4102,770500
1398352499,16520.4102,16523.7500,16510.0000,16510.0000,841800
1398352799,16531.5195,16532.1797,16518.5098,16519.8008,560400
1398353099,16533.0605,16540.5391,16531.5195,16531.5195,649700
1398353399,16530.9297,16533.5098,16526.6406,16532.8594,451400
1398353699,16533.6699,16533.7500,16528.2402,16531.5605,538700
1398353999,16539.7695,16541.2598,16530.3398,16534.0508,567000
1398354299,16533.1504,16539.1094,16531.5801,16539.1094,461800
1398354599,16528.5898,16533.4102,16528.0508,16532.9609,455800
1398354899,16521.5000,16528.9199,16517.8398,16528.6602,462300
1398355199,16521.8809,16524.2109,16520.1895,16521.5605,382700
1398355499,16522.2695,16528.8496,16521.5703,16522.6191,447300
1398355799,16520.4102,16525.1602,16520.0508,16522.3301,282900
1398356099,16513.9805,16520.6504,16513.8594,16520.5195,385200
1398356399,16512.7598,16516.3594,16511.9395,16514.5898,404700
1398356699,16519.7598,16523.3008,16511.8008,16512.7598,385400
1398356999,16520.5195,16522.3398,16518.2695,16519.6992,368900
1398357299,16521.2793,16521.8105,16518.2695,16520.7793,253800
1398357597,16521.3203,16524.0391,16521.3203,16521.5996,241400
1398357899,16518.2500,16521.2305,16515.9395,16521.2305,270400
1398358199,16517.7891,16519.1895,16516.3203,16518.3809,271100
1398358499,16515.0801,16517.7891,16512.6992,16517.5996,327000
1398358799,16526.8496,16528.1094,16514.8008,16515.1094,392500
1398359099,16523.3105,16530.1992,16522.6895,16526.7305,395100
1398359399,16520.5996,16523.2109,16520.5996,16523.2109,236700
1398359699,16520.4102,16521.1992,16518.6504,16520.5996,316000
1398359999,16524.3594,16524.3594,16519.5996,16520.4102,366300
1398360299,16523.6094,16525.1992,16523.3203,16524.4902,291600
1398360599,16520.6309,16526.2109,16520.5293,16523.5508,480400
1398360899,16513.7793,16520.5000,16513.7793,16520.5000,447400
1398361199,16485.1309,16503.9707,16485.1309,16503.9609,630300
1398361499,16496.3398,16496.3398,16481.7109,16485.0703,573300
1398361799,16485.6309,16497.0391,16483.6992,16495.9492,535700
1398362099,16485.5703,16491.4492,16484.3496,16485.2500,460400
1398362399,16478.2500,16487.2891,16473.1992,16485.5703,536800
1398362699,16486.1094,16486.1094,16477.9805,16478.2500,465600
1398362999,16483.7695,16496.1602,16483.7695,16486.1094,449100
1398363299,16484.6699,16484.6699,16475.0195,16483.7695,483400
1398363599,16487.6699,16494.3203,16482.6504,16484.4805,399200
1398363899,16479.1504,16488.6992,16479.1504,16487.5996,427200
1398364199,16485.6309,16485.8906,16476.9609,16478.1797,437000
1398364499,16494.5195,16494.5195,16482.1094,16485.5195,615700
1398364799,16502.7109,16503.7207,16491.8906,16494.4609,490600
1398365099,16490.6699,16503.1309,16490.0605,16502.5898,432200
1398365399,16495.5898,16495.9102,16489.5293,16490.3809,572300
1398365699,16490.2207,16496.0703,16487.0195,16495.6504,398300
1398365999,16497.4805,16497.4805,16487.3008,16489.7695,557100
1398366299,16513.2207,16514.2402,16498.3105,16498.3105,666600
1398366599,16509.6504,16513.2207,16509.0293,16513.2207,408200
1398366899,16510.2305,16510.2305,16505.6992,16509.5898,482600
1398367199,16508.4297,16512.6992,16504.2500,16510.3906,612700
1398367499,16511.9297,16511.9609,16503.1309,16507.2109,745000
1398367799,16502.2598,16512.0898,16500.8105,16511.9297,686900
1398368099,16495.5098,16510.3398,16494.0508,16502.4492,898800
1398368399,16502.4199,16502.7793,16495.4805,16495.4805,599100
1398368699,16499.5703,16508.2598,16499.4395,16502.6797,1013400
1398368999,16498.6992,16501.2402,16493.3105,16498.8906,1765000
1398369299,16500.5000,16503.4805,16495.8105,16499.6992,1728300
1398369599,16501.0801,16501.1406,16493.2109,16500.7598,4409100
1398369600,16501.6504,16501.6504,16501.6504,16501.6504,16102100
1398432899,16435.8906,16494.5898,16435.8906,16494.5898,0
1398433199,16412.9707,16436.1504,16408.1191,16436.0195,1677200
1398433499,16420.0996,16427.5098,16407.5098,16409.3105,1116700
1398433799,16384.0508,16424.9102,16381.0000,16419.6504,1563400
1398434099,16396.4609,16399.3496,16380.0000,16382.3799,934600
1398434393,16385.8008,16403.5605,16383.0098,16396.7207,1094400
1398434699,16390.9492,16398.6699,16380.2803,16386.1797,1264400
1398434999,16401.9492,16403.8008,16383.4902,16383.4902,1242900
1398435299,16399.6094,16406.7695,16395.5000,16402.5996,1048900
1398435599,16404.8105,16411.2695,16399.1309,16399.6094,1061800
1398435899,16403.4004,16410.0801,16400.8301,16404.4902,841600
1398436199,16397.7305,16404.0703,16397.7305,16403.4902,844900
1398436499,16387.6504,16397.5898,16385.8008,16397.5898,1203200
1398436799,16377.3096,16387.7207,16367.2197,16387.7207,1028600
1398437099,16373.1797,16380.9502,16370.4502,16377.3799,1019200
1398437399,16368.5898,16378.5801,16368.5898,16372.9297,755100
1398437699,16359.9199,16373.4600,16356.8398,16368.2100,838700
1398437999,16358.0898,16363.5498,16355.7197,16359.6602,756800
1398438299,16357.4199,16359.4805,16354.1797,16358.0000,640700
1398438599,16345.2500,16357.5996,16341.6504,16357.4502,730600
1398438899,16357.5703,16358.9297,16340.8496,16345.1504,688600
1398439199,16356.3896,16358.4502,16353.2598,16357.7305,758500
1398439499,16356.4697,16358.3496,16351.7305,16356.4502,764100
1398439799,16368.6904,16371.2900,16356.5498,16356.5498,800200
1398440099,16366.2500,16374.0195,16365.7002,16369.6201,797300
1398440399,16370.6396,16373.5000,16366.0898,16366.2803,714200
1398440699,16368.2900,16373.9502,16364.5801,16370.4502,535600
1398440999,16370.9199,16372.1699,16363.2598,16368.0996,421700
1398441299,16388.1504,16389.0293,16368.3301,16370.9502,547400
1398441599,16384.0000,16389.0801,16383.3604,16388.1504,663500
1398441899,16382.0703,16389.5898,16381.1104,16384.2207,487100
1398442199,16391.1992,16391.5195,16379.9297,16382.1396,435100
1398442499,16391.6504,16399.7109,16390.6797,16391.0000,521500
1398442799,16391.3594,16395.6602,16391.3594,16391.8105,442800
1398443099,16389.6699,16391.4492,16387.8906,16391.4492,393800
1398443399,16393.3008,16395.8105,16389.5391,16389.8594,309100
1398443697,16393.1895,16395.3301,16392.6504,16393.3398,341800
1398443999,16378.9600,16392.7109,16378.7900,16392.6094,443200
1398444299,16376.6201,16382.1699,16375.9805,16379.2197,473000
1398444599,16372.8398,16380.2803,16371.6699,16376.9404,591200
1398444899,16372.8301,16374.0195,16370.0703,16372.8398,419700
1398445199,16375.2695,16375.4902,16372.4199,16372.7998,484100
1398445499,16356.9697,16375.7500,16356.9697,16375.3301,676900
1398445799,16362.8398,16363.4199,16355.5703,16357.0596,558000
1398446099,16354.0098,16362.8398,16354.0098,16362.8398,576900
1398446399,16351.3701,16355.7900,16348.6699,16353.5303,395100
1398446699,16356.5195,16356.5195,16350.9600,16351.4297,294800
1398446999,16363.2500,16364.6396,16356.7100,16356.7100,403400
1398447299,16351.8604,16363.2500,16350.1299,16363.2500,503800
1398447599,16354.9297,16354.9297,16348.4697,16351.7695,385800
1398447899,16363.4697,16366.5000,16354.8398,16354.8398,362500
1398448199,16363.3896,16368.7500,16363.2598,16363.4697,430800
1398448499,16359.0195,16365.9600,16356.7998,16363.6504,454700
1398448783,16362.2695,16365.5703,16359.0498,16359.0498,424900
1398449099,16347.6201,16364.2900,16347.6201,16363.7500,543000
1398449399,16352.6299,16354.2695,16347.2402,16347.5898,367800
1398449699,16344.0000,16352.5996,16342.3203,16352.5000,466600
1398449999,16338.1201,16344.5400,16337.3496,16343.8701,545400
1398450299,16341.7803,16341.8096,16333.7803,16338.2197,533900
1398450599,16345.1201,16349.3301,16341.6504,16342.2002,463500
1398450899,16344.7305,16344.9297,16334.3203,16344.9297,645000
1398451199,16365.5098,16367.2695,16347.0098,16347.0098,872700
1398451499,16353.7803,16367.7900,16353.7695,16365.1201,582400
1398451799,16356.9404,16358.0303,16352.8301,16353.4600,464300
1398452099,16363.9004,16369.3604,16357.0596,16357.0596,754500
1398452399,16355.2002,16365.6699,16354.5596,16363.9697,631700
1398452699,16365.9902,16365.9902,16352.7002,16355.4600,649000
1398452999,16359.6699,16369.2998,16359.6504,16365.9902,774500
1398453299,16357.7500,16362.9697,16355.1699,16359.6699,625700
1398453599,16358.3496,16361.7197,16347.8203,16357.7803,751900
1398453899,16361.0996,16363.9697,16358.0000,16358.0596,658300
1398454199,16375.2695,16378.8701,16361.4297,16361.4297,929700
1398454499,16373.2500,16384.6094,16371.1699,16375.3301,830300
1398454799,16370.2598,16377.5498,16369.4600,16373.2197,777300
1398455099,16376.0303,16379.2500,16366.5000,16369.8604,1167900
1398455399,16380.0195,16388.0508,16371.1904,16375.2100,1584800
1398455699,16373.2197,16378.8896,16372.8896,16378.8896,1797100
1398455999,16362.3896,16373.7900,16352.6299,16373.3096,7447500
1398456000,16361.4600,16361.4600,16361.4600,16361.4600,20636600
1398692099,16466.4902,16476.9004,16381.7900,16381.7900,0
1398692399,16429.9492,16465.6309,16429.0508,16465.6309,1670700
1398692699,16432.5195,16434.6699,16420.4199,16431.2402,1790400
1398692989,16425.7109,16444.2695,16425.3008,16435.8906,1260400
1398693299,16455.6699,16456.5703,16421.3809,16422.1504,1661500
1398693599,16450.8809,16458.4297,16449.7695,16454.9004,1331200
1398693899,16452.5293,16466.4609,16448.3301,16451.7891,1420900
1398694199,16459.5293,16460.0098,16444.3105,16452.8906,1135400
1398694499,16463.8301,16464.5996,16449.1191,16458.6309,891900
1398694799,16482.9707,16484.0605,16468.8398,16468.8398,1376000
1398695099,16486.9492,16494.4902,16483.0391,16483.0391,821800
1398695399,16485.1094,16489.7598,16481.6504,16486.2207,998600
1398695699,16496.6699,16499.8691,16484.8906,16484.8906,1136200
1398695999,16493.1797,16500.3691,16487.6504,16497.5098,958300
1398696299,16495.4902,16498.2500,16491.0293,16493.2500,1088000
1398696599,16483.8105,16495.8691,16483.7793,16495.6191,1148100
1398696899,16474.3906,16488.2109,16474.1699,16483.8105,842300
1398697199,16475.5391,16481.1406,16473.0703,16474.0996,741400
1398697499,16481.0098,16485.2109,16475.5000,16475.5000,796400
1398697799,16481.0293,16484.8906,16476.7402,16481.1406,902300
1398698099,16454.1992,16482.3906,16453.8105,16481.0996,889800
1398698399,16454.3594,16455.2598,16446.7500,16453.8691,818200
1398698699,16435.2305,16457.3105,16433.5508,16454.3906,841000
1398698999,16426.6094,16439.9102,16426.3203,16434.3906,897000
1398699299,16433.7695,16436.9805,16426.4492,16426.8105,982600
1398699599,16438.6094,16446.5195,16434.1504,16434.3809,733900
1398699899,16430.6309,16439.5703,16430.2207,16438.4805,677400
1398700199,16434.4199,16437.3691,16429.8203,16429.8203,684100
1398700499,16429.7891,16442.3203,16429.5000,16434.4199,874800
1398700799,16400.0898,16429.6602,16397.1406,16429.6602,993500
1398701099,16407.1895,16408.3398,16393.5508,16398.4902,618300
1398701399,16399.8008,16409.2402,16399.2500,16407.5098,724700
1398701699,16421.4805,16423.8809,16399.8008,16399.8008,937700
1398701999,16427.9902,16428.8203,16419.9004,16420.7402,642700
1398702299,16418.5605,16428.3203,16417.0801,16427.9902,575800
1398702599,16423.3691,16428.6602,16413.4199,16418.8398,707000
1398702897,16430.6602,16430.8809,16420.1895,16423.2402,630700
1398703199,16416.6895,16430.4004,16416.6895,16430.4004,737400
1398703499,16417.8203,16425.0996,16414.8008,16416.5605,585100
1398703799,16423.2695,16424.4902,16418.0703,16418.0703,414400
1398704099,16413.7598,16424.2402,16409.6797,16423.4297,547600
1398704399,16407.8008,16414.4492,16405.1992,16413.9609,835200
1398704699,16388.7598,16407.4199,16386.9902,16407.4199,970900
1398704999,16377.7803,16388.6309,16375.2900,16388.6309,698500
1398705299,16366.7100,16382.6299,16366.5498,16378.0400,652200
1398705599,16361.4902,16366.7402,16358.0195,16366.7402,629100
1398705899,16341.0400,16361.4902,16334.7803,16361.4902,859200
1398706199,16343.7803,16345.2500,16336.1602,16341.0400,825100
1398706499,16318.2100,16343.9404,16314.9697,16343.9404,1155200
1398706799,16324.3398,16326.2998,16312.6602,16317.8301,805100
1398707099,16326.4199,16330.5703,16323.5098,16323.8896,706800
1398707399,16332.8701,16332.8701,16321.2305,16326.4502,691100
1398707699,16341.3203,16352.7900,16333.1201,16333.1201,687900
1398707999,16339.1797,16347.0098,16334.1396,16341.2305,683800
1398708299,16329.2598,16343.1904,16324.7305,16339.7598,775200
1398708599,16335.9004,16335.9004,16319.5303,16328.2002,778500
1398708899,16355.9102,16358.3203,16338.0898,16338.0898,1052100
1398709199,16364.5596,16365.0303,16355.7500,16355.8398,679800
1398709499,16380.1201,16381.2100,16361.2695,16364.1699,783700
1398709799,16379.5098,16382.2100,16374.4004,16379.8896,629600
1398710099,16373.2803,16386.4395,16370.2305,16379.3799,602500
1398710399,16378.7695,16382.4600,16370.6396,16373.2803,472800
1398710699,16365.7002,16378.8301,16361.9404,16378.8301,503000
1398710999,16393.2305,16393.9609,16364.9004,16365.5098,700100
1398711299,16392.4805,16400.5703,16390.8105,16393.1699,664800
1398711599,16381.3398,16395.1094,16380.7900,16392.5508,449600
1398711899,16396.6191,16396.6191,16381.3096,16381.9199,843900
1398712199,16417.4297,16417.4902,16390.8594,16396.6191,971400
1398712499,16437.7207,16438.9805,16415.5898,16417.5605,1168700
1398712799,16452.4395,16452.5098,16434.8105,16437.7207,1167600
1398713099,16464.0898,16466.4297,16446.2305,16452.3809,1625300
1398713399,16462.7695,16471.3691,16458.7207,16463.8301,1334100
1398713699,16467.1406,16479.1094,16462.4492,16462.4492,1592000
1398713999,16467.0703,16472.0195,16465.8809,16467.3008,1419100
1398714299,16473.6406,16475.1602,16463.3203,16468.4492,1501100
1398714599,16464.1504,16473.5293,16460.8809,16473.5293,1791100
1398714899,16460.6504,16472.5000,16460.6504,16464.1191,2268700
1398715199,16447.4492,16460.5195,16447.3594,16460.3008,5777700
1398715200,16448.7402,16448.7402,16448.7402,16448.7402,18633100
1398778499,16525.8008,16528.5000,16494.0098,16500.1797,0
1398778799,16525.9902,16527.4707,16507.5605,16526.5996,1218800
1398779099,16523.6504,16536.9102,16517.3906,16525.2207,1229900
1398779399,16528.6504,16533.1797,16520.8594,16523.0703,1295500
1398779699,16534.9805,16537.4102,16529.1094,16529.4492,1213600
1398779999,16529.4297,16545.1309,16529.2402,16534.8594,927200
1398780299,16536.9707,16540.2207,16528.0508,16529.1699,1154500
1398780599,16530.2305,16543.3008,16530.2305,16536.5898,942000
1398780899,16510.3906,16529.4707,16510.3906,16529.4492,846400
1398781199,16514.9805,16519.2891,16502.4902,16510.3203,992400
1398781499,16507.3691,16517.3203,16506.4707,16514.6602,727900
1398781799,16488.5508,16507.9609,16482.8691,16507.1797,911600
1398782099,16498.7598,16502.6895,16486.1797,16488.3906,895100
1398782399,16518.2207,16520.0898,16499.0195,16499.0195,718100
1398782699,16526.3809,16529.1309,16516.2305,16518.5391,659200
1398782999,16524.5195,16535.6309,16523.9395,16527.0195,691500
1398783299,16524.7109,16530.6094,16522.1094,16524.6504,556700
1398783599,16524.8398,16529.4902,16522.4902,16523.9395,566900
1398783899,16536.1094,16539.0293,16524.7402,16524.7402,732900
1398784199,16529.3301,16536.1094,16526.7305,16536.1094,559600
1398784499,16507.4297,16529.3008,16507.4297,16529.3008,639900
1398784799,16510.5000,16514.4102,16506.9805,16507.6895,623900
1398785099,16523.6797,16523.8105,16510.1797,16510.3809,460600
1398785399,16534.6602,16535.2695,16522.8105,16524.3496,613200
1398785699,16538.1309,16539.0293,16533.6504,16534.5293,594000
1398785999,16538.9297,16541.8906,16531.5801,16537.8105,597400
1398786299,16535.8203,16539.1602,16533.5605,16539.0000,406600
1398786599,16536.4902,16538.2109,16530.1699,16535.8203,384900
1398786899,16535.6992,16536.4902,16527.9805,16536.4902,472500
1398787199,16537.2598,16541.1504,16535.4004,16536.0195,487700
1398787499,16534.0898,16538.5801,16533.8594,16538.1602,416000
1398787799,16536.9902,16540.4102,16533.7305,16534.4395,419900
1398788099,16536.3301,16539.5391,16536.3301,16536.9902,259500
1398788399,16535.9902,16536.0508,16528.9492,16536.0391,311400
1398788699,16546.0605,16548.1504,16537.2695,16537.2695,502400
1398788999,16547.1504,16547.7598,16539.5098,16546.0898,428500
1398789299,16553.2500,16553.2500,16543.8301,16546.9609,495300
1398789599,16551.1406,16559.3906,16550.9395,16553.2500,533200
1398789899,16554.2500,16556.4609,16551.0605,16551.0605,326000
1398790199,16550.1992,16556.1406,16549.8809,16554.3105,285200
1398790499,16549.1191,16553.4102,16548.5098,16550.1992,374900
1398790799,16552.1992,16553.7402,16548.2109,16548.6699,334600
1398791099,16552.8008,16555.2500,16552.0000,16552.4492,362500
1398791399,16539.1602,16552.9707,16538.8105,16552.8008,446500
1398791699,16535.5703,16543.7793,16535.3809,16539.0605,444200
1398791999,16537.0293,16537.0605,16532.1699,16535.6992,343500
1398792299,16539.5098,16541.6602,16533.3105,16537.4395,431000
1398792599,16544.1699,16544.6094,16536.9102,16539.6406,304100
1398792899,16540.1895,16544.9805,16539.0605,16544.1094,427600
1398793199,16546.5801,16549.4297,16540.1895,16540.1895,373800
1398793499,16539.4609,16550.3594,16538.9805,16546.5801,466500
1398793799,16544.2598,16544.2598,16535.2891,16539.3594,453300
1398794099,16545.7500,16547.7305,16543.4609,16544.2598,372300
1398794399,16556.5195,16557.2891,16545.0996,16545.3691,408600
1398794699,16553.9902,16557.4004,16552.3906,16555.8809,516500
1398794999,16552.5801,16554.3105,16550.5605,16553.9004,336700
1398795299,16549.0000,16553.0293,16548.4707,16552.7695,330300
1398795599,16548.4102,16548.7891,16544.3301,16548.7891,394700
1398795899,16549.5293,16552.1602,16547.4395,16548.4395,419400
1398796199,16543.4297,16552.2598,16543.3594,16549.5293,438000
1398796499,16543.0391,16545.4004,16542.3691,16543.4707,456000
1398796799,16544.3203,16546.1309,16541.6895,16543.4297,443900
1398797099,16548.3105,16549.3105,16544.3203,16544.3203,370900
1398797399,16550.6895,16550.6895,16546.2500,16548.3105,398900
1398797699,16547.0391,16551.9102,16545.1309,16550.8203,382100
1398797999,16548.9707,16549.3008,16546.7207,16546.9805,377200
1398798299,16549.7891,16551.0098,16548.3398,16549.0391,533000
1398798599,16555.0293,16556.6406,16549.7207,16549.7500,613500
1398798899,16550.8809,16555.8906,16550.4609,16555.0996,528000
1398799199,16551.6504,16552.3594,16549.8809,16550.8105,564700
1398799499,16548.9492,16552.2891,16548.1797,16551.5801,506900
1398799799,16554.0605,16554.0605,16548.9492,16548.9492,541200
1398800099,16547.3105,16553.9297,16546.9707,16553.9297,813600
1398800399,16542.9297,16547.9805,16538.8691,16547.3809,1078400
1398800699,16534.3105,16543.9199,16533.8906,16542.6094,947900
1398800999,16542.3398,16542.4297,16533.5391,16533.8301,1237300
1398801299,16537.1992,16542.7891,16536.7500,16542.7500,1663700
1398801599,16535.0801,16538.4199,16532.3594,16535.8203,4910800
1398801600,16535.3691,16535.3691,16535.3691,16535.3691,13961400
1398864899,16528.6309,16532.0293,16514.3691,16517.2305,0
1398865199,16540.9609,16544.6504,16522.6191,16528.9492,909100
1398865499,16535.2793,16544.6699,16523.2305,16540.6992,865700
1398865799,16539.4492,16550.0098,16536.2695,16536.2695,835900
1398866097,16526.5703,16543.1699,16524.4492,16539.6406,879200
1398866397,16527.4707,16532.1895,16522.3301,16526.3398,774300
1398866699,16522.3301,16530.9102,16522.3301,16529.0801,703000
1398866999,16530.4609,16535.6895,16519.7305,16522.1094,898500
1398867299,16537.5195,16540.2793,16530.4609,16530.4609,732000
1398867599,16537.6797,16543.5293,16533.9609,16537.4199,792500
1398867899,16539.7695,16541.0508,16535.6602,16537.8398,763600
1398868199,16546.5391,16549.5605,16539.9004,16539.9004,638700
1398868499,16546.0605,16555.2109,16544.1992,16546.5098,725400
1398868799,16545.3594,16548.3398,16543.1992,16546.0898,677600
1398869099,16542.2695,16545.3594,16539.3809,16545.3594,717200
1398869399,16552.2598,16554.3105,16539.6699,16541.1504,713400
1398869699,16566.7402,16569.9492,16552.2598,16552.2598,520200
1398869999,16558.0703,16566.9805,16558.0703,16566.6094,599000
1398870299,16556.7500,16559.4902,16553.2207,16557.5391,549400
1398870599,16546.0195,16557.2695,16545.6406,16557.2695,640800
1398870899,16533.7305,16546.0898,16533.4199,16546.0898,613900
1398871199,16535.3398,16537.2598,16530.0391,16533.2793,498000
1398871499,16537.5801,16539.3594,16531.6406,16534.8906,490300
1398871799,16537.6895,16540.0293,16532.5898,16537.4902,383500
1398872099,16544.5508,16544.5508,16537.0801,16537.6602,374500
1398872399,16544.7305,16544.7305,16541.5996,16544.6504,443300
1398872699,16547.1895,16548.2793,16544.6699,16544.8398,442200
1398872999,16543.5898,16547.3398,16542.2109,16546.9609,306000
1398873299,16549.1797,16550.1406,16543.8496,16543.8496,290000
1398873599,16546.2207,16550.7793,16545.1309,16549.1797,307700
1398873899,16547.1191,16548.5293,16544.7500,16547.0293,305100
1398874199,16553.0293,16553.1895,16547.1191,16547.1191,287600
1398874499,16555.0000,16557.1094,16553.0898,16553.0898,325900
1398874799,16552.5898,16555.2500,16548.7793,16554.4609,295300
1398875099,16551.0293,16553.7402,16548.5195,16552.7207,302700
1398875399,16551.2109,16551.8691,16548.3691,16551.1602,266500
1398875699,16554.1191,16554.1191,16548.4707,16551.3398,317900
1398875999,16552.0391,16554.4102,16550.0508,16554.0605,309900
1398876299,16552.0996,16554.5391,16551.7305,16552.0391,370000
1398876599,16555.2109,16555.9492,16551.9707,16552.0996,264900
1398876899,16557.1992,16557.2695,16553.2305,16555.2109,226900
1398877199,16555.6406,16559.1406,16555.2109,16557.1992,277900
1398877499,16557.4004,16559.6504,16555.7109,16555.7109,249600
1398877799,16560.5000,16560.5000,16556.8398,16557.3594,234100
1398878099,16557.6895,16561.4102,16557.3008,16560.5000,248900
1398878399,16551.9707,16558.7500,16551.9395,16557.6191,298700
1398878699,16553.9902,16555.2793,16547.4609,16552.0293,374600
1398878999,16559.1309,16559.7695,16553.5098,16553.9297,304000
1398879299,16557.3008,16559.1602,16553.0000,16559.1602,264900
1398879599,16560.4102,16565.1406,16557.3594,16557.3594,290000
1398879899,16557.0391,16560.4805,16552.0098,16560.4102,305700
1398880199,16553.5000,16557.4199,16552.7500,16557.0391,216100
1398880499,16556.7500,16557.3301,16553.5000,16553.5000,289600
1398880799,16551.0293,16557.9492,16551.0293,16556.7891,442500
1398881099,16572.8691,16578.0391,16534.3691,16551.0098,1135000
1398881399,16560.4492,16573.3203,16539.4902,16572.8691,911000
1398881699,16546.5098,16560.7402,16541.0801,16560.6992,778400
1398881999,16554.2207,16559.2305,16543.9707,16544.3008,625100
1398882297,16565.8398,16565.8398,16553.1602,16557.5898,546100
1398882599,16563.2695,16567.8301,16560.4102,16566.4199,493900
1398882899,16569.3398,16574.7695,16563.3691,16563.3691,559700
1398883199,16563.5293,16574.6797,16562.9102,16569.5293,526300
1398883499,16567.2207,16570.6602,16562.6309,16563.0195,417900
1398883799,16585.9004,16587.9004,16567.2891,16567.2891,641000
1398884099,16588.1895,16592.2793,16584.0508,16585.9004,662900
1398884399,16579.1309,16591.3008,16578.1992,16588.3809,615700
1398884699,16572.6504,16583.6309,16569.0195,16579.0703,543700
1398884999,16560.1602,16573.1602,16560.1602,16572.9707,757500
1398885299,16563.3594,16566.9102,16559.8691,16560.2891,678500
1398885599,16558.4609,16563.5605,16545.6094,16563.4297,921800
1398885899,16552.7695,16560.4492,16552.0996,16558.6504,771300
1398886199,16571.9707,16574.6094,16552.5801,16552.7695,748200
1398886499,16583.8203,16587.4199,16573.4297,16573.4297,849400
1398886799,16577.2695,16584.8496,16571.9199,16583.8203,838100
1398887099,16586.5508,16586.5508,16572.6504,16577.1094,1320200
1398887399,16567.4805,16587.1895,16554.0293,16587.1895,2322800
1398887699,16576.4395,16578.6895,16568.0898,16568.0898,2224000
1398887999,16575.5703,16584.4004,16566.8906,16578.1406,7143000
1398888000,16580.8398,16580.8398,16580.8398,16580.8398,35142500
1398951299,16553.3496,16590.5293,16553.0293,16578.7207,0
1398951599,16569.5703,16572.9199,16550.5293,16553.1602,1116200
1398951899,16597.1797,16597.7891,16571.3906,16571.3906,885900
1398952199,16591.5801,16604.7891,16591.5801,16602.1602,964900
1398952499,16581.1602,16596.4902,16579.1699,16591.5508,1069100
1398952799,16561.0098,16582.9004,16561.0098,16582.5195,946700
1398953099,16558.5508,16572.6191,16551.0996,16565.4199,1089500
1398953399,16565.3691,16571.3809,16558.7109,16558.7109,902100
1398953699,16547.8906,16568.9199,16547.8906,16565.1094,820700
1398953999,16534.1504,16549.6406,16529.6504,16546.7207,934100
1398954299,16545.0000,16545.3906,16531.0195,16534.2500,905800
1398954599,16548.9805,16558.5195,16545.5801,16545.5801,900600
1398954899,16561.2305,16561.2305,16547.3496,16548.8594,738400
1398955199,16562.2109,16563.7891,16557.8496,16561.1699,659700
1398955499,16568.3496,16570.9492,16561.5996,16562.1699,632400
1398955799,16573.3301,16577.7891,16566.5000,16568.3105,730600
1398956099,16577.3691,16580.9492,16573.4199,16573.5195,690600
1398956399,16573.2793,16581.4102,16572.0996,16577.3691,555800
1398956699,16575.2793,16576.4395,16572.2109,16573.3809,548300
1398956999,16562.8594,16575.0195,16561.5996,16575.0195,630700
1398957299,16568.6406,16571.1797,16563.4707,16563.4707,657000
1398957599,16572.7402,16574.2500,16568.5098,16568.8008,610400
1398957899,16570.2891,16573.4492,16565.9199,16572.5801,525500
1398958199,16574.5391,16575.5801,16570.5391,16570.6094,510700
1398958499,16587.8398,16593.3906,16573.9004,16574.9004,1131000
1398958799,16592.5605,16597.8691,16588.2207,16588.2891,953300
1398959099,16592.1406,16594.5000,16589.7598,16592.6191,515100
1398959399,16587.3008,16591.9492,16586.2305,16591.8809,546500
1398959699,16583.4395,16587.6191,16578.8496,16587.2695,449100
1398959999,16572.5195,16584.9805,16571.4297,16583.3691,457400
1398960299,16581.5801,16581.5801,16570.5293,16572.8398,401800
1398960599,16584.1797,16584.2793,16580.3203,16581.9004,439200
1398960899,16589.8691,16590.8008,16584.2500,16584.2500,388200
1398961199,16584.6602,16591.8496,16584.6602,16589.8691,383100
1398961499,16589.0293,16589.0293,16579.7109,16584.4707,423200
1398961799,16585.0605,16589.4395,16585.0605,16589.0293,367200
1398962099,16580.6094,16586.8691,16578.0000,16585.1309,318400
1398962399,16576.0801,16584.1406,16575.9902,16580.4805,334300
1398962699,16577.1992,16580.7402,16575.3496,16576.0801,357000
1398962999,16574.5098,16577.1094,16569.3398,16577.1094,475900
1398963299,16577.9297,16579.4609,16574.6094,16574.7402,458000
1398963599,16574.7891,16579.2402,16574.3203,16577.9297,417300
1398963899,16574.1992,16580.9492,16574.1992,16574.9902,312100
1398964199,16578.5195,16578.9805,16571.9707,16574.1699,302500
1398964499,16572.6191,16580.3203,16570.7207,16578.5801,467500
1398964799,16571.6191,16573.0996,16567.6992,16572.6191,272600
1398965099,16566.2891,16571.9707,16562.7598,16570.8203,410400
1398965399,16564.0098,16569.6895,16563.1406,16566.6602,336200
1398965699,16557.6895,16563.9492,16555.3691,16563.9492,532400
1398965999,16561.9609,16564.0391,16555.4805,16557.6895,405700
1398966299,16554.2207,16562.4707,16553.3301,16561.8906,703700
1398966599,16546.6992,16559.3203,16546.4902,16554.0898,585500
1398966899,16544.7500,16546.7305,16538.7695,16546.5703,548100
1398967199,16533.0293,16544.9805,16526.5703,16544.6191,717500
1398967499,16546.7207,16547.2207,16532.6797,16533.0605,500400
1398967799,16549.6895,16549.6895,16541.5996,16546.6992,542900
1398968099,16549.1094,16554.3496,16548.7207,16549.8203,310000
1398968399,16548.8594,16552.8301,16548.7305,16549.3008,364600
1398968699,16553.2500,16557.9004,16546.7891,16548.9199,353700
1398968999,16556.4004,16557.1094,16549.6602,16553.2500,396700
1398969299,16550.7793,16558.4609,16550.6504,16556.4004,496600
1398969599,16541.2109,16550.7207,16540.0898,16550.7207,472000
1398969899,16532.9609,16546.0898,16532.4805,16540.8594,544600
1398970199,16537.5508,16539.9609,16525.2500,16533.2207,815200
1398970499,16540.1504,16543.8203,16535.8496,16538.2891,450000
1398970799,16542.7891,16543.9004,16537.0703,16540.1191,511700
1398971099,16539.3809,16545.3594,16539.3809,16542.4297,560600
1398971399,16538.0000,16539.6699,16535.3809,16539.0703,516400
1398971699,16544.2305,16544.2305,16530.4199,16537.9297,701600
1398971999,16551.6094,16557.5898,16544.3008,16545.4199,707100
1398972299,16547.3105,16553.3496,16546.3594,16551.6699,638100
1398972599,16539.7402,16547.2500,16539.2500,16547.2500,708000
1398972899,16541.7305,16541.8906,16533.5996,16539.8398,975600
1398973199,16544.4199,16546.9902,16540.0801,16541.7891,945700
1398973499,16542.6602,16549.7500,16542.6602,16544.3594,1264900
1398973799,16541.1504,16545.0000,16540.2598,16543.6895,1482900
1398974099,16554.7305,16557.4609,16543.0391,16543.0391,1698700
1398974399,16557.2695,16557.3594,16547.8594,16555.7891,4314800
1398974400,16558.8691,16558.8691,16558.8691,16558.8691,14944100
1399037699,16556.0508,16566.8398,16541.9199,16559.7109,0
1399037999,16586.5801,16586.6504,16557.6504,16557.6504,1245000
1399038299,16582.2500,16593.3691,16573.4492,16587.6094,1017400
1399038599,16576.7891,16598.4297,16574.9004,16587.1602,1411300
1399038899,16579.5508,16587.4199,16570.8594,16574.5801,880500
1399039199,16588.4102,16589.5605,16570.6895,16579.8105,881300
1399039499,16589.0801,16595.6699,16579.1309,16588.2891,1518800
1399039799,16607.4004,16610.5098,16588.5898,16588.5898,954900
1399040099,16610.4395,16620.0605,16607.4297,16607.4297,844000
1399040399,16604.2793,16612.2109,16604.0195,16610.1191,921300
1399040699,16608.1895,16608.5801,16600.8691,16604.1797,791400
1399040999,16594.5801,16612.4297,16589.9609,16609.5391,786500
1399041299,16587.7402,16595.5801,16582.8008,16594.2598,696400
1399041599,16588.6094,16597.5898,16586.5098,16588.8301,743000
1399041899,16561.4707,16592.1992,16558.9395,16588.8008,939400
1399042199,16528.5898,16563.3496,16527.6309,16561.4102,1404400
1399042499,16540.8301,16545.6504,16519.9199,16528.7207,978200
1399042798,16535.8203,16550.2695,16535.7500,16540.6406,699300
1399043099,16547.1504,16549.4805,16529.1992,16535.5000,792900
1399043399,16549.5898,16557.0391,16546.6406,16547.3496,551100
1399043699,16536.3008,16549.1406,16535.9805,16549.1406,641000
1399043999,16545.7402,16546.3809,16534.9492,16536.4297,546700
1399044299,16532.5098,16544.6191,16532.5098,16544.6191,579400
1399044599,16523.5898,16537.7695,16522.9492,16532.5098,638700
1399044899,16545.3203,16545.8203,16523.9102,16523.9102,560500
1399045199,16539.4805,16547.6992,16538.6797,16545.4492,337800
1399045499,16533.1895,16539.9297,16533.1895,16539.5391,405800
1399045799,16543.1699,16544.6504,16532.3203,16533.2500,410300
1399046099,16552.0293,16552.1895,16540.7598,16542.9805,365200
1399046399,16552.5195,16560.7695,16550.4004,16552.2305,337600
1399046699,16547.2500,16553.2891,16546.0898,16552.7695,346700
1399046999,16544.6895,16550.5293,16544.4609,16547.4102,452700
1399047299,16550.1406,16550.1406,16541.6309,16543.4609,244900
1399047599,16551.2598,16552.8691,16548.2109,16550.5293,252400
1399047899,16546.8594,16552.2891,16544.0098,16551.1406,257900
1399048199,16543.8809,16546.8691,16542.9492,16546.8691,321700
1399048499,16542.1406,16545.8594,16539.6406,16543.9395,384000
1399048799,16546.7695,16547.3105,16539.9297,16542.1406,343700
1399049099,16547.3496,16550.3809,16546.7695,16546.7695,245400
1399049399,16551.1406,16551.8398,16546.9297,16547.2793,246300
1399049699,16548.5293,16551.3906,16546.2891,16551.3906,375500
1399049999,16543.8203,16548.5605,16543.8203,16547.3496,319400
1399050299,16548.0391,16548.0391,16544.0508,16544.0508,367100
1399050599,16538.4492,16550.5898,16538.4492,16548.0391,383400
1399050899,16537.0703,16538.6094,16532.2891,16538.5508,308900
1399051199,16529.1406,16537.3301,16527.7891,16537.3301,618400
1399051499,16527.5703,16529.9395,16524.8301,16528.8203,665800
1399051799,16519.6699,16529.0098,16518.4805,16527.8203,558400
1399052099,16521.6094,16523.6699,16512.4199,16520.2109,426500
1399052399,16516.4492,16522.6699,16514.5293,16521.5801,467900
1399052699,16518.8594,16518.8594,16513.3691,16516.4492,368500
1399052999,16524.1309,16526.1504,16517.7695,16518.8008,317800
1399053299,16521.0293,16528.1094,16521.0293,16524.0703,394900
1399053599,16509.3594,16521.3809,16508.9102,16521.0293,459500
1399053899,16500.3398,16509.3008,16494.4297,16509.3008,665400
1399054199,16489.4707,16504.5703,16489.4707,16500.1406,414700
1399054499,16499.2402,16500.8809,16488.3105,16488.8906,679700
1399054799,16512.1191,16512.5098,16498.5391,16499.0508,448900
1399055099,16504.0293,16512.1191,16503.5801,16512.1191,439200
1399055399,16504.3809,16508.3691,16503.6797,16503.8691,388700
1399055699,16509.8398,16509.8398,16503.2305,16504.8008,423900
1399055999,16511.9609,16518.3203,16509.4609,16510.2891,541300
1399056299,16512.1309,16513.5703,16509.8496,16512.2793,418300
1399056599,16508.8105,16514.5000,16505.5508,16512.1699,563800
1399056899,16514.7207,16514.7500,16508.5195,16508.8105,427900
1399057199,16511.2891,16515.1699,16511.2891,16513.3105,451300
1399057499,16521.3398,16521.3398,16511.2500,16511.2500,520000
1399057799,16529.3008,16529.4297,16521.6602,16521.6602,522100
1399058099,16522.0801,16529.7207,16521.7891,16529.3301,495800
1399058399,16524.0000,16524.9707,16519.4492,16522.1094,482600
1399058699,16513.4395,16526.0605,16512.6992,16523.8691,562400
1399058999,16512.6406,16515.4609,16511.0098,16513.4707,623400
1399059299,16505.4609,16512.9902,16505.3809,16512.3809,906200
1399059599,16501.8105,16505.8301,16498.8203,16504.9199,920800
1399059899,16506.9805,16506.9805,16498.9902,16501.8496,869800
1399060199,16506.2500,16512.2793,16505.5195,16509.2793,1393300
1399060499,16515.6191,16520.4102,16506.8203,16506.8203,2110900
1399060799,16512.7598,16519.5703,16512.7598,16518.0000,5084700
1399060800,16512.8906,16512.8906,16512.8906,16512.8906,18320100
1399296899,16412.6504,16499.4102,16410.3301,16499.4102,0
1399297199,16392.4492,16412.4902,16385.9004,16412.4902,1556600
1399297499,16395.0801,16395.8203,16377.0898,16393.1191,1450100
1399297791,16391.6094,16398.8398,16390.7500,16393.4102,1135600
1399298099,16422.6191,16426.6094,16390.7598,16390.9395,883400
1399298399,16426.6895,16426.6895,16414.6309,16423.1094,757200
1399298699,16430.2402,16440.8105,16426.5508,16428.0293,932200
1399298999,16422.2207,16430.4707,16416.5098,16430.4297,804800
1399299299,16430.0293,16430.3496,16420.2598,16422.2500,1079200
1399299599,16460.0801,16460.3691,16431.0098,16431.0098,1158700
1399299899,16462.6094,16472.7695,16459.8203,16459.9805,985200
1399300199,16452.4004,16464.8906,16450.7305,16463.1191,690600
1399300499,16463.4004,16464.0195,16452.4609,16452.4609,559800
1399300799,16470.3496,16474.1406,16461.6797,16463.2793,604400
1399301099,16506.3105,16507.5000,16470.1504,16470.1504,823200
1399301399,16503.2598,16507.0801,16499.4707,16505.9609,688400
1399301699,16510.2109,16511.9199,16502.6797,16502.6797,554300
1399301999,16503.9297,16510.1406,16499.8496,16510.1406,664000
1399302299,16495.5508,16504.4805,16494.3691,16503.1602,653300
1399302599,16500.1797,16502.0098,16494.6504,16495.8691,404000
1399302899,16504.6797,16508.3691,16498.1895,16499.9492,486700
1399303199,16503.3594,16507.5000,16501.9395,16504.6797,431100
1399303499,16499.5000,16506.9199,16499.5000,16503.3594,569200
1399303799,16492.5195,16499.1191,16488.1406,16499.1191,668000
1399304099,16507.9805,16507.9805,16492.9297,16492.9297,526100
1399304399,16508.4492,16508.4492,16504.5996,16507.9199,275400
1399304699,16506.4707,16520.4102,16505.9199,16508.3691,445000
1399304999,16511.0996,16512.9609,16505.7598,16505.8496,329700
1399305299,16513.9492,16515.6191,16510.6191,16511.2305,549600
1399305599,16514.6895,16516.0391,16513.3398,16514.0195,376000
1399305899,16516.7109,16517.3594,16514.5605,16515.5898,380100
1399306199,16508.8496,16518.1309,16508.8496,16516.7793,360100
1399306499,16512.9199,16512.9609,16506.3398,16508.7793,332100
1399306799,16516.0996,16518.4199,16512.5996,16512.8594,228100
1399307099,16519.8203,16520.0996,16513.8906,16516.1992,336300
1399307399,16513.1797,16519.8203,16513.1504,16519.8203,303800
1399307699,16514.5000,16514.5000,16507.4297,16513.2109,282300
1399307999,16512.6406,16515.9609,16510.6504,16514.5293,271100
1399308299,16508.0000,16514.6895,16508.0000,16512.6406,248600
1399308599,16510.4395,16512.5996,16508.3203,16508.3203,402000
1399308899,16506.9492,16511.4199,16505.8301,16510.4805,298700
1399309199,16499.4902,16507.3105,16498.6191,16506.9492,403600
1399309499,16501.1699,16501.7305,16499.2793,16500.0000,286100
1399309799,16500.7891,16504.9297,16500.4004,16501.4004,272300
1399310099,16497.1895,16500.6895,16494.0801,16500.5898,471300
1399310399,16501.9395,16501.9395,16493.6309,16497.2207,362700
1399310699,16502.2793,16503.1992,16498.5703,16501.9395,318700
1399310999,16500.2695,16506.5000,16500.0195,16502.2793,206500
1399311299,16504.7207,16504.7500,16498.5391,16500.2109,349100
1399311599,16501.4297,16505.6699,16501.4297,16504.7207,321000
1399311899,16505.1895,16505.1895,16498.8906,16501.2402,291700
1399312199,16508.8301,16509.8105,16504.5098,16505.7598,189500
1399312499,16508.4492,16509.0898,16504.1797,16508.8301,339400
1399312799,16506.7500,16508.5996,16506.6504,16508.5098,307800
1399313099,16512.0996,16514.3691,16507.3105,16507.3691,340600
1399313399,16513.7207,16513.7207,16508.8809,16512.0996,375800
1399313699,16512.5605,16514.8594,16511.8105,16514.4902,316600
1399313999,16517.9297,16517.9297,16512.2793,16512.5996,236900
1399314299,16521.3691,16521.6895,16517.5391,16518.2402,337600
1399314599,16520.0195,16522.3691,16518.7695,16521.3105,264500
1399314899,16520.0000,16521.2891,16517.4492,16520.2793,376400
1399315199,16520.6406,16521.1406,16517.0996,16519.9609,367500
1399315499,16526.5391,16526.7305,16520.1094,16520.3809,321800
1399315799,16543.7793,16543.7793,16526.5391,16526.5391,465000
1399316099,16539.4492,16547.9199,16537.0703,16543.9707,443300
1399316399,16536.7793,16540.2207,16535.9492,16539.5098,316000
1399316699,16531.9805,16536.9707,16530.4199,16536.7207,339300
1399316999,16537.5195,16537.5195,16531.6309,16532.1504,342100
1399317299,16533.3496,16541.3906,16532.8008,16538.1309,424700
1399317599,16532.6992,16537.0098,16531.4102,16533.3105,583400
1399317899,16534.5293,16535.7793,16531.2207,16532.6797,483800
1399318199,16535.1406,16535.3496,16530.2109,16534.6602,574100
1399318499,16538.7402,16539.3496,16535.4004,16535.4297,631600
1399318799,16537.7891,16539.8496,16535.3008,16538.7109,647500
1399319099,16523.1992,16540.0508,16523.0703,16537.7305,1115800
1399319399,16531.9004,16533.8691,16523.6191,16523.6191,1426400
1399319699,16533.9199,16534.6309,16528.1797,16531.2305,1364400
1399319999,16531.5195,16537.0996,16529.8809,16534.0801,3700100
1399320000,16530.5508,16530.5508,16530.5508,16530.5508,18022600
1399383299,16472.9004,16529.8496,16467.3594,16529.8496,0
1399383599,16459.5898,16478.2109,16457.9492,16473.1602,1207600
1399383899,16458.5000,16463.1504,16444.3809,16459.0605,1125400
1399384199,16463.6895,16470.2207,16453.4297,16454.9004,1027600
1399384499,16450.0898,16464.6992,16443.9492,16463.2793,1092000
1399384799,16455.7402,16455.9297,16442.9609,16449.7598,817800
1399385099,16455.2891,16457.7891,16444.1797,16457.2793,919200
1399385399,16446.4297,16456.3496,16445.5605,16455.7402,937600
1399385699,16453.7500,16453.7500,16442.3008,16446.5508,712000
1399385999,16455.4492,16463.2207,16453.9102,16453.9102,866300
1399386299,16467.7793,16470.2207,16453.9707,16455.7695,612500
1399386599,16459.6309,16467.9707,16456.6895,16467.9707,621100
1399386899,16474.1699,16476.9395,16459.1191,16459.4395,658700
1399387199,16468.0703,16474.2598,16466.4004,16473.9805,592500
1399387499,16471.4609,16474.1406,16463.0605,16468.1309,483200
1399387799,16469.6504,16471.6602,16465.3398,16471.5000,379900
1399388099,16451.2793,16471.8594,16451.2793,16469.5801,652300
1399388399,16438.4609,16455.1094,16438.4609,16451.4004,797600
1399388699,16442.3203,16442.7598,16427.1602,16438.2695,708300
1399388999,16443.3906,16445.4609,16440.1309,16442.6406,569000
1399389299,16452.5898,16454.5098,16442.7598,16443.6191,651700
1399389599,16451.6309,16453.1406,16448.2207,16452.5898,422700
1399389899,16451.4707,16453.2598,16444.2402,16451.8809,530900
1399390199,16443.5898,16451.9805,16438.3105,16451.8203,528400
1399390499,16452.3809,16453.0996,16442.1504,16443.6309,589200
1399390799,16455.5391,16456.4609,16447.4492,16452.4492,586500
1399391099,16453.0801,16457.2500,16452.4297,16455.4395,413700
1399391399,16460.6992,16461.0996,16452.5605,16453.0195,465200
1399391699,16459.9395,16460.6992,16457.6602,16460.6992,433000
1399391999,16463.3496,16465.8105,16460.0098,16460.0098,325800
1399392299,16458.1094,16464.8496,16458.0195,16463.5996,378900
1399392599,16454.1309,16458.7598,16452.4707,16457.2109,329800
1399392899,16449.3496,16455.9609,16449.3496,16454.0000,326600
1399393199,16446.1406,16449.6406,16442.7305,16449.0898,350000
1399393499,16446.2109,16448.0293,16440.5195,16446.0996,395900
1399393799,16447.9707,16448.6504,16437.9805,16446.2109,346900
1399394099,16451.5293,16452.4609,16446.4805,16447.9102,314500
1399394399,16451.6602,16456.4805,16450.0000,16451.5293,368800
1399394699,16454.4199,16454.4199,16450.6602,16451.8203,227100
1399394999,16449.8594,16455.2207,16447.8398,16454.5195,307500
1399395299,16447.5605,16449.9609,16446.1406,16449.9609,274800
1399395599,16452.7500,16452.8809,16446.4102,16447.5605,328600
1399395899,16453.8691,16453.8691,16448.9902,16452.8809,305700
1399396199,16441.8008,16454.9297,16441.0391,16453.8691,383600
1399396499,16443.1797,16444.4004,16440.7695,16441.8691,319900
1399396799,16448.7305,16449.0508,16442.9609,16443.7598,273700
1399397099,16447.9707,16449.6699,16447.1895,16448.4707,242400
1399397399,16436.6406,16447.9004,16435.4805,16447.9004,750900
1399397699,16435.3496,16437.9805,16433.7402,16436.5391,394800
1399397999,16424.4297,16436.9004,16424.1406,16435.4805,581900
1399398299,16412.1992,16425.6602,16412.1992,16424.5293,650200
1399398599,16414.3203,16418.7793,16411.3594,16412.1992,628000
1399398899,16425.7109,16425.7109,16414.5391,16414.5391,405400
1399399199,16414.2793,16425.6504,16413.1602,16425.6504,507900
1399399499,16406.5898,16414.1504,16404.8203,16414.1504,485800
1399399799,16415.7891,16415.7891,16403.2793,16406.7793,714100
1399400099,16420.6094,16423.2109,16411.4902,16415.5996,456000
1399400399,16429.3105,16429.3809,16420.6094,16420.7402,477600
1399400699,16412.4199,16428.8594,16412.3906,16428.8594,558100
1399400999,16417.5195,16419.5508,16411.8496,16412.6797,396400
1399401299,16421.8809,16422.0898,16410.9609,16416.2695,436900
1399401599,16417.9102,16422.1797,16414.9609,16421.9102,457500
1399401899,16428.1191,16430.5195,16416.7500,16417.9102,567600
1399402199,16418.8105,16429.1504,16418.8105,16428.0605,621300
1399402499,16421.8691,16422.3496,16416.4297,16418.4297,391200
1399402799,16417.9004,16423.1992,16417.4902,16422.0508,540200
1399403099,16409.1797,16417.8301,16402.2109,16417.8301,685800
1399403399,16409.9004,16411.9395,16406.4492,16409.1797,475200
1399403699,16421.4395,16425.0996,16409.0605,16410.0000,734400
1399403999,16428.4395,16431.1602,16420.6094,16420.9902,596500
1399404299,16427.3496,16437.1094,16426.7402,16428.3809,753600
1399404599,16423.4297,16427.5098,16420.1992,16427.2891,461800
1399404899,16425.3008,16426.1309,16420.2207,16423.4102,730800
1399405199,16433.7402,16434.3203,16425.0996,16425.4297,917100
1399405499,16421.2500,16433.8398,16418.0391,16433.8398,1060400
1399405799,16419.9297,16422.8203,16413.8906,16422.8203,1168600
1399406099,16403.7207,16419.2305,16401.6602,16419.2305,2056400
1399406399,16401.3105,16408.7598,16399.9902,16402.7207,4313100
1399406400,16401.0195,16401.0195,16401.0195,16401.0195,19492800
