uri:/instrument/1.0/^NDX/chartdata;type=quote;range=10d/csv
ticker:^ndx
Company-Name:NASDAQ-100
Exchange-Name:NIM
unit:MIN
timezone:EDT
currency:USD
gmtoffset:-14400
previous_close:3605.0920
range:20140423,1398259800,1398283200
range:20140424,1398346200,1398369600
range:20140425,1398432600,1398456000
range:20140428,1398691800,1398715200
range:20140429,1398778200,1398801600
range:20140430,1398864600,1398888000
range:20140501,1398951000,1398974400
range:20140502,1399037400,1399060800
range:20140505,1399296600,1399320000
range:20140506,1399383000,1399406400
Timestamp:1398259800,1399406400
labels:1398259800,1398346200,1398432600,1398691800,1398778200,1398864600,1398951000,1399037400,1399296600,1399383000
values:Timestamp,close,high,low,open,volume
close:3491.3113,3611.1194
high:3497.3645,3613.0305
low:3489.5994,3610.3979
open:3491.0186,3611.1475
volume:0,0
1398260099,3582.8223,3588.0449,3580.2449,3587.6826,0
1398260399,3577.8020,3582.8879,3576.5122,3582.8879,0
1398260699,3577.4026,3583.4758,3576.4294,3577.8337,0
1398260999,3570.5090,3577.5327,3567.9617,3577.5327,0
1398261299,3571.7290,3572.8193,3569.7703,3570.4465,0
1398261599,3571.1077,3573.7200,3569.1736,3571.7942,0
1398261899,3562.0681,3570.9517,3561.7607,3570.9517,0
1398262199,3561.5095,3563.7871,3561.4644,3562.0618,0
1398262499,3564.4563,3567.3364,3561.0461,3561.5005,0
1398262799,3563.7568,3567.2581,3562.1992,3564.4536,0
1398263099,3569.4631,3569.7246,3563.0273,3563.6130,0
1398263399,3568.9771,3571.2634,3567.8330,3569.2935,0
1398263699,3565.3203,3569.0796,3564.6125,3569.0420,0
1398263999,3568.6682,3568.8118,3565.2671,3565.3127,0
1398264299,3572.6968,3573.5186,3568.5254,3568.6709,0
1398264598,3571.1536,3573.6306,3570.3645,3572.6904,0
1398264899,3570.9409,3572.8320,3570.0322,3571.1865,0
1398265199,3569.5583,3572.3777,3569.1487,3570.9597,0
1398265499,3569.9470,3572.2100,3568.6633,3569.5752,0
1398265799,3570.3127,3571.7102,3569.4255,3570.0034,0
1398266099,3563.1545,3571.0037,3562.9583,3570.3074,0
1398266399,3565.7759,3565.8936,3563.4355,3563.4468,0
1398266699,3563.1462,3565.8000,3562.9485,3565.5793,0
1398266999,3564.9341,3566.0410,3562.9663,3563.1609,0
1398267299,3568.7249,3569.6174,3565.0222,3565.0222,0
1398267599,3570.5063,3570.7197,3568.2756,3568.7275,0
1398267899,3570.3330,3571.5593,3569.7832,3570.4980,0
1398268199,3569.0032,3570.2786,3567.6875,3570.2627,0
1398268499,3570.4631,3570.4631,3567.9863,3569.0120,0
1398268799,3570.4402,3571.3235,3570.0166,3570.4895,0
1398269099,3569.0151,3570.8591,3568.7893,3570.4290,0
1398269399,3565.8787,3569.2622,3565.7922,3569.2061,0
1398269699,3565.3284,3566.7104,3565.1108,3565.8962,0
1398269999,3563.3379,3565.3867,3563.2798,3565.3337,0
1398270299,3563.0591,3563.3408,3561.9927,3563.3384,0
1398270599,3563.8721,3563.8721,3561.6189,3563.0632,0
1398270898,3565.9836,3565.9836,3563.3540,3563.8801,0
1398271199,3565.9551,3566.8076,3565.8323,3565.8855,0
1398271499,3565.6958,3566.3130,3564.3977,3565.9226,0
1398271799,3566.7695,3567.3218,3565.6152,3565.6152,0
1398272099,3566.7483,3567.2305,3566.3748,3566.7644,0
1398272399,3566.7996,3567.1819,3566.6631,3566.8335,0
1398272699,3566.8772,3566.8772,3565.9080,3566.6187,0
1398272999,3564.8303,3566.9346,3564.1226,3566.9346,0
1398273299,3562.8828,3565.0327,3562.8542,3564.7952,0
1398273599,3564.4729,3564.4729,3561.9465,3562.8979,0
1398273899,3564.2117,3564.8145,3564.0569,3564.4949,0
1398274199,3564.8987,3566.2380,3563.8374,3564.2239,0
1398274499,3564.5710,3565.9912,3564.4934,3564.9014,0
1398274799,3559.4358,3564.7910,3559.3442,3564.5710,0
1398275099,3560.7876,3561.5903,3558.1155,3559.4287,0
1398275399,3559.4983,3561.2166,3558.2610,3560.7817,0
1398275699,3560.3152,3561.3618,3558.9814,3559.4968,0
1398275999,3559.4368,3560.5122,3558.9233,3560.3152,0
1398276299,3558.1919,3559.4001,3557.1550,3559.4001,0
1398276599,3559.8779,3560.0229,3557.2803,3558.1919,0
1398276899,3559.6484,3560.6711,3559.6484,3559.8801,0
1398277199,3556.6116,3559.6626,3555.8589,3559.6626,0
1398277499,3556.5059,3557.0889,3556.0320,3556.7053,0
1398277799,3558.7795,3559.1697,3555.8918,3556.4539,0
1398278099,3558.2993,3558.7671,3556.6394,3558.7590,0
1398278399,3557.9016,3558.8198,3557.6785,3558.2993,0
1398278699,3556.1475,3558.2800,3555.6016,3557.8513,0
1398278999,3555.9512,3557.2026,3555.7065,3556.1582,0
1398279299,3558.0610,3558.7827,3555.8318,3555.9502,0
1398279599,3559.0627,3560.1692,3558.0269,3558.0532,0
1398279899,3559.0063,3559.0308,3558.0774,3559.0308,0
1398280199,3562.5591,3562.7224,3558.9573,3558.9773,0
1398280499,3563.8818,3563.9673,3561.0503,3562.5386,0
1398280799,3562.4255,3564.5525,3562.3853,3563.8757,0
1398281099,3562.2419,3563.4377,3561.9568,3562.3376,0
1398281399,3560.3669,3562.2646,3559.9800,3562.2329,0
1398281699,3558.8284,3560.9539,3558.8284,3560.4319,0
1398281999,3560.0652,3560.6997,3558.5420,3558.8079,0
1398282299,3559.8340,3560.3301,3559.0327,3560.0867,0
1398282599,3559.4277,3559.8914,3558.4402,3559.8914,0
1398282899,3560.7478,3561.0203,3559.7200,3559.7200,0
1398283199,3556.6360,3561.1514,3555.1885,3560.6941,0
1398283200,3557.0359,3557.0359,3557.0359,3557.0359,0
1398346499,3601.5542,3612.6038,3601.4580,3609.5662,0
1398346799,3594.5312,3601.5745,3592.6707,3601.5745,0
1398347099,3579.9187,3594.3286,3579.7825,3594.3286,0
1398347399,3565.8745,3581.4954,3563.2556,3578.7505,0
1398347699,3577.0254,3577.0254,3565.1978,3565.9775,0
1398347999,3572.4487,3577.4316,3570.2166,3577.1548,0
1398348297,3564.0486,3572.0847,3560.9834,3572.0847,0
1398348599,3556.9082,3564.9480,3553.4590,3563.5845,0
1398348899,3566.1721,3566.1721,3552.9265,3557.0701,0
1398349199,3574.6104,3575.2590,3565.4441,3566.2417,0
1398349499,3577.5310,3578.0930,3572.3352,3574.7126,0
1398349799,3579.0859,3579.9583,3576.0220,3577.4915,0
1398350098,3575.1963,3580.9236,3575.1963,3579.0762,0
1398350399,3579.3210,3580.5471,3576.7773,3576.7773,0
1398350699,3576.3455,3581.8333,3576.3337,3578.7437,0
1398350999,3574.3977,3578.6699,3573.3152,3576.3140,0
1398351299,3573.1323,3575.1670,3572.2439,3574.3267,0
1398351599,3580.3569,3580.4495,3572.3940,3573.1277,0
1398351899,3581.6477,3581.6477,3577.2559,3580.3442,0
1398352199,3587.5042,3588.1443,3582.8711,3582.8711,0
1398352499,3591.8442,3593.2703,3587.6533,3587.7007,0
1398352799,3593.6321,3594.2212,3591.5706,3591.7417,0
1398353099,3594.3284,3596.2595,3593.2676,3593.6506,0
1398353399,3593.4666,3594.7534,3592.2046,3594.3328,0
1398353699,3595.4539,3596.3994,3593.5293,3593.5293,0
1398353999,3595.4587,3595.9487,3593.3496,3595.5698,0
1398354299,3592.3928,3595.8640,3592.3821,3595.4871,0
1398354599,3591.2158,3592.6240,3589.8149,3592.4062,0
1398354899,3590.5447,3591.3105,3589.3420,3591.2720,0
1398355199,3592.8083,3593.5525,3589.9441,3590.5344,0
1398355499,3593.4707,3597.2537,3592.8257,3592.8257,0
1398355799,3591.1492,3594.2549,3591.1492,3593.5898,0
1398356099,3590.6370,3591.9893,3590.4648,3591.1182,0
1398356399,3589.4045,3591.1089,3589.0505,3590.9749,0
1398356699,3591.2441,3592.0894,3588.5925,3589.4844,0
1398356999,3590.7307,3592.0215,3589.9231,3591.2346,0
1398357299,3594.0024,3594.1489,3590.7102,3590.7102,0
1398357599,3593.5923,3594.6477,3593.5083,3594.0195,0
1398357899,3593.6604,3594.3689,3592.2251,3593.5923,0
1398358199,3592.8298,3593.6526,3592.4102,3593.6248,0
1398358499,3593.3032,3593.3379,3591.4185,3592.8323,0
1398358799,3596.0288,3596.6084,3593.3057,3593.3057,0
1398359099,3595.1135,3596.8887,3594.7310,3596.0002,0
1398359399,3595.3440,3595.4963,3594.7556,3595.1174,0
1398359699,3595.1111,3595.6399,3594.5596,3595.3411,0
1398359999,3594.8359,3595.9094,3594.1536,3595.1289,0
1398360299,3594.1340,3595.4907,3593.9834,3594.8838,0
1398360599,3594.2498,3595.6460,3594.1528,3594.1853,0
1398360899,3592.6665,3594.2703,3592.6226,3594.2703,0
1398361199,3584.8738,3592.6550,3584.5918,3592.6550,0
1398361499,3589.1167,3589.1443,3584.1326,3584.7913,0
1398361799,3584.6780,3589.7261,3584.0222,3589.0986,0
1398362099,3584.5999,3588.0366,3584.4663,3584.6072,0
1398362399,3581.3098,3585.3389,3581.2468,3584.5852,0
1398362699,3585.3928,3585.3928,3581.1995,3581.2942,0
1398362999,3582.9082,3586.7759,3582.9082,3585.3818,0
1398363299,3584.6716,3584.7180,3580.6162,3582.8689,0
1398363599,3584.2185,3586.8030,3583.6863,3584.6841,0
1398363899,3582.7258,3584.6589,3582.2363,3584.2051,0
1398364199,3585.3911,3585.5916,3582.4568,3582.5852,0
1398364499,3586.5732,3586.5732,3583.9443,3585.4136,0
1398364799,3590.0730,3590.1719,3586.2781,3586.5740,0
1398365099,3585.7202,3590.1116,3585.5803,3590.0500,0
1398365399,3587.8838,3588.6255,3585.3752,3585.6333,0
1398365699,3586.3359,3588.4592,3585.2432,3587.8772,0
1398365999,3587.8789,3587.8789,3584.6348,3586.1934,0
1398366299,3594.2539,3594.4243,3587.9209,3587.9275,0
1398366599,3592.2578,3594.3066,3592.1890,3594.2690,0
1398366899,3593.2288,3593.2698,3591.5535,3592.2419,0
1398367199,3591.7981,3593.8411,3591.7847,3593.2988,0
1398367499,3594.8049,3594.8169,3591.5430,3591.7490,0
1398367799,3591.5662,3594.8098,3591.5212,3594.8054,0
1398368099,3589.6338,3592.9958,3589.4343,3591.5339,0
1398368399,3591.3645,3591.3645,3589.2644,3589.6418,0
1398368699,3589.9026,3592.4963,3589.7539,3591.3047,0
1398368999,3589.4863,3590.8096,3588.6675,3589.9314,0
1398369299,3589.5879,3590.7310,3588.9939,3590.1091,0
1398369599,3590.9568,3590.9998,3588.4507,3589.7188,0
1398369600,3591.0286,3591.0286,3591.0286,3591.0286,0
1398432899,3567.2295,3573.9480,3562.6375,3563.9351,0
1398433199,3563.5754,3568.7522,3562.2170,3567.0815,0
1398433499,3570.3091,3571.2144,3562.9026,3563.5237,0
1398433799,3564.0723,3572.5808,3563.8330,3569.7883,0
1398434099,3564.1997,3564.4861,3560.2227,3563.7595,0
1398434396,3558.4133,3566.3262,3557.8201,3564.2935,0
1398434699,3555.4658,3558.0540,3552.3052,3558.0540,0
1398434999,3557.1934,3558.7871,3552.8223,3555.4321,0
1398435299,3553.2561,3558.0950,3552.8213,3558.0151,0
1398435599,3555.0378,3558.4019,3553.3184,3553.3784,0
1398435899,3554.0386,3556.6528,3553.6567,3555.0049,0
1398436199,3550.1213,3554.1892,3549.2659,3554.1033,0
1398436499,3542.6123,3550.1626,3541.9189,3550.1626,0
1398436799,3540.1030,3542.5535,3535.4934,3542.5535,0
1398437099,3538.4863,3541.1182,3537.4197,3540.1326,0
1398437399,3538.0437,3540.4463,3538.0437,3538.4834,0
1398437699,3532.7939,3541.0559,3532.1711,3537.9800,0
1398437999,3535.0515,3535.9900,3531.8752,3532.7361,0
1398438299,3533.7703,3535.5215,3533.5203,3535.0374,0
1398438599,3529.2451,3533.7690,3527.4841,3533.7690,0
1398438899,3534.8054,3535.5762,3528.3130,3529.3103,0
1398439199,3539.3726,3539.9551,3533.5718,3534.8176,0
1398439499,3539.8994,3540.7043,3538.1743,3539.4507,0
1398439799,3545.3450,3545.3450,3539.8384,3539.9111,0
1398440099,3544.0312,3547.2649,3543.9890,3545.4497,0
1398440399,3545.2507,3546.9653,3544.0437,3544.0437,0
1398440699,3541.5405,3546.5396,3540.4412,3545.2466,0
1398440999,3542.1135,3542.3015,3539.9883,3541.5408,0
1398441299,3549.2561,3549.3215,3541.7451,3542.1345,0
1398441599,3544.3960,3550.4065,3543.8728,3549.2385,0
1398441899,3545.3530,3546.9214,3544.3228,3544.3555,0
1398442199,3546.9658,3548.6433,3544.2883,3545.3579,0
1398442499,3547.2502,3550.7578,3546.8281,3546.9270,0
1398442799,3548.0825,3549.8486,3547.2485,3547.2485,0
1398443099,3545.6555,3548.1399,3544.8101,3548.0825,0
1398443399,3546.7681,3548.3503,3545.5977,3545.6392,0
1398443698,3545.0269,3547.0535,3545.0269,3546.6887,0
1398443999,3542.9683,3544.9675,3541.8992,3544.9675,0
1398444299,3542.2612,3544.6406,3542.0652,3543.0496,0
1398444599,3540.2117,3543.3716,3539.8611,3542.2981,0
1398444899,3540.6675,3540.6675,3539.5762,3540.2256,0
1398445199,3540.1843,3541.4517,3538.8713,3540.4666,0
1398445499,3537.1626,3540.6309,3537.0496,3540.1511,0
1398445799,3538.8430,3538.9062,3536.1389,3537.1980,0
1398446099,3537.6895,3538.8455,3536.6624,3538.8198,0
1398446399,3538.7693,3539.5544,3537.5068,3537.6143,0
1398446699,3538.2659,3539.0732,3537.9751,3538.7693,0
1398446999,3538.0823,3540.4524,3538.0288,3538.2739,0
1398447299,3535.1873,3538.1077,3533.7654,3538.0830,0
1398447599,3534.8423,3535.1641,3533.6553,3535.1641,0
1398447899,3539.5198,3539.5198,3534.7266,3534.8430,0
1398448199,3538.6106,3541.6589,3538.5139,3539.5242,0
1398448499,3536.5281,3538.9702,3534.9824,3538.6189,0
1398448784,3537.3704,3538.9424,3536.5281,3536.5281,0
1398449099,3530.9182,3537.9744,3530.9060,3537.8569,0
1398449399,3532.5842,3533.2874,3530.7192,3530.8782,0
1398449699,3531.6765,3532.5811,3530.5569,3532.5674,0
1398449999,3528.9834,3531.7673,3528.2800,3531.6772,0
1398450299,3530.2532,3530.2651,3527.4526,3528.9714,0
1398450599,3529.2429,3531.1353,3528.8271,3530.2803,0
1398450899,3528.8262,3529.2959,3525.5962,3529.2959,0
1398451199,3535.6309,3535.8120,3528.9001,3529.2593,0
1398451499,3531.6853,3535.7627,3531.2317,3535.6782,0
1398451799,3533.7102,3533.7102,3531.3826,3531.6470,0
1398452099,3535.7661,3536.7590,3533.7053,3533.7053,0
1398452399,3531.9963,3536.0728,3531.5522,3535.6929,0
1398452699,3534.7168,3534.7629,3531.2783,3532.0146,0
1398452999,3531.4392,3535.5088,3531.4329,3534.7366,0
1398453299,3531.7366,3532.3674,3530.9446,3531.4360,0
1398453599,3533.7683,3534.2612,3529.6565,3531.7373,0
1398453899,3532.3704,3534.5796,3532.0217,3533.7507,0
1398454199,3536.1162,3536.2839,3532.3918,3532.3918,0
1398454499,3535.8530,3538.5806,3535.2273,3536.1721,0
1398454799,3534.4861,3536.7930,3534.0776,3535.9221,0
1398455099,3537.4607,3537.6438,3534.2454,3534.5334,0
1398455399,3538.1150,3540.0376,3536.7051,3537.4895,0
1398455699,3534.7131,3537.9875,3534.6155,3537.9875,0
1398455999,3533.3489,3535.4119,3531.6272,3534.7866,0
1398456000,3533.0955,3533.0955,3533.0955,3533.0955,0
1398692099,3545.1653,3552.0212,3545.1653,3547.2207,0
1398692399,3534.4399,3545.8120,3533.1365,3545.1252,0
1398692699,3531.8413,3534.8647,3529.6252,3534.4451,0
1398692999,3530.1487,3537.4670,3530.1487,3533.1365,0
1398693299,3545.9734,3546.2073,3529.9255,3529.9255,0
1398693599,3549.4275,3551.5066,3545.4014,3546.1248,0
1398693899,3548.5186,3555.8220,3546.1497,3549.6362,0
1398694199,3552.5085,3554.4570,3546.3650,3548.6602,0
1398694499,3560.5256,3560.7136,3549.3181,3552.1125,0
1398694799,3564.9290,3567.7134,3560.6001,3560.6001,0
1398695099,3567.1335,3568.9695,3564.3274,3565.1160,0
1398695399,3567.5149,3570.1145,3566.2234,3567.2822,0
1398695699,3567.3975,3569.8159,3566.2700,3567.4331,0
1398695999,3560.9727,3568.0471,3560.0276,3567.4985,0
1398696299,3562.8171,3562.9607,3558.7778,3560.8779,0
1398696599,3556.0005,3563.0156,3555.9968,3562.9714,0
1398696899,3551.9749,3558.2986,3551.8181,3555.9951,0
1398697199,3555.4500,3555.4751,3551.6206,3551.9531,0
1398697499,3558.5261,3559.1848,3555.2253,3555.3479,0
1398697799,3555.3481,3561.0996,3554.0967,3558.4524,0
1398698099,3546.3831,3556.5078,3546.2825,3555.4792,0
1398698399,3544.0417,3546.4167,3543.0779,3546.4167,0
1398698699,3536.7859,3545.6677,3536.7859,3544.0598,0
1398698999,3532.1050,3539.0081,3532.0117,3536.6926,0
1398699299,3529.5930,3535.9221,3529.1157,3531.9355,0
1398699599,3538.3757,3538.6250,3529.6145,3529.6145,0
1398699899,3530.7639,3538.8159,3530.7639,3538.3259,0
1398700199,3533.5764,3535.8269,3530.4019,3530.7612,0
1398700499,3529.0686,3536.6509,3528.4106,3533.5813,0
1398700799,3521.2424,3529.0063,3518.9006,3529.0063,0
1398701099,3521.3198,3523.9929,3519.0925,3521.2334,0
1398701399,3513.0837,3521.3579,3512.6965,3521.2961,0
1398701699,3518.5862,3519.9656,3512.9814,3513.0793,0
1398701999,3523.8467,3524.4871,3518.0601,3518.6050,0
1398702299,3518.4597,3524.4116,3517.8557,3523.8738,0
1398702599,3521.4370,3522.2595,3516.4402,3518.3960,0
1398702898,3525.5747,3525.6572,3520.9253,3521.5056,0
1398703199,3515.5010,3525.4690,3515.5010,3525.4690,0
1398703499,3519.6165,3522.0005,3515.3916,3515.4963,0
1398703799,3521.7246,3522.5781,3519.4980,3519.5583,0
1398704099,3520.7578,3522.2568,3517.0903,3521.8042,0
1398704399,3517.2512,3520.8538,3515.3684,3520.7800,0
1398704699,3508.3391,3517.2571,3507.9109,3517.2571,0
1398704999,3504.0244,3508.3286,3503.5337,3508.3286,0
1398705299,3500.8862,3506.8848,3500.4995,3504.0818,0
1398705599,3498.9263,3500.9141,3497.5527,3500.8862,0
1398705899,3492.2520,3498.9302,3490.1626,3498.9302,0
1398706199,3496.7876,3497.5486,3491.4492,3492.3025,0
1398706499,3491.3113,3498.0540,3489.5994,3496.8459,0
1398706799,3496.1602,3497.3645,3490.0056,3491.0186,0
1398707099,3500.9587,3501.1462,3494.7048,3496.0830,0
1398707399,3501.9089,3501.9690,3497.2231,3501.0386,0
1398707699,3506.2222,3507.4543,3501.9421,3501.9421,0
1398707999,3503.9810,3507.9036,3501.2971,3506.2134,0
1398708299,3501.1089,3504.6904,3498.5459,3504.0554,0
1398708599,3504.1643,3504.1643,3497.8962,3501.1172,0
1398708899,3511.8926,3512.4241,3504.1978,3504.1978,0
1398709199,3514.1309,3514.3745,3511.5425,3512.0515,0
1398709499,3519.1399,3519.6797,3513.2620,3514.1802,0
1398709799,3519.7188,3519.7188,3515.6448,3519.0852,0
1398710099,3520.1475,3522.7385,3518.7283,3519.8015,0
1398710399,3521.6931,3523.5144,3519.5479,3520.1538,0
1398710699,3515.4077,3521.7388,3515.1567,3521.7146,0
1398710999,3524.9912,3525.9443,3514.7925,3515.4607,0
1398711299,3525.3555,3527.6934,3524.2190,3525.0020,0
1398711599,3521.7500,3526.6216,3521.3804,3525.4102,0
1398711899,3524.0408,3525.5850,3520.6404,3521.9399,0
1398712199,3532.5083,3532.5083,3522.5688,3524.0469,0
1398712499,3541.3228,3541.6455,3532.1453,3532.5251,0
1398712799,3546.1340,3546.1897,3539.1428,3541.3396,0
1398713099,3547.7222,3548.7786,3542.0828,3546.2368,0
1398713399,3546.5559,3549.5332,3545.7053,3547.7585,0
1398713699,3547.5273,3551.4924,3546.1023,3546.3452,0
1398713999,3550.2593,3552.9067,3547.6763,3547.6763,0
1398714299,3551.7100,3552.2705,3548.7261,3550.1873,0
1398714599,3544.7937,3551.7935,3544.7795,3551.7478,0
1398714899,3546.8591,3550.1479,3544.8691,3544.8691,0
1398715199,3545.2769,3546.7153,3544.0417,3546.7153,0
1398715200,3545.0251,3545.0251,3545.0251,3545.0251,0
1398778499,3558.0764,3564.5569,3554.3560,3555.4585,0
1398778799,3557.2427,3559.2290,3546.0767,3558.0537,0
1398779099,3556.6987,3563.6785,3553.0051,3557.2905,0
1398779399,3557.2275,3562.2036,3554.9395,3555.3286,0
1398779699,3563.5767,3564.5349,3557.2371,3557.5261,0
1398779999,3557.4087,3567.7312,3556.7644,3563.5566,0
1398780299,3557.7668,3560.3318,3551.9897,3557.3540,0
1398780599,3549.1177,3557.7849,3549.1177,3557.7849,0
1398780899,3549.5811,3554.1069,3546.8535,3548.7510,0
1398781199,3551.6514,3554.4695,3546.5884,3549.3909,0
1398781499,3549.9043,3553.8257,3549.4514,3551.6379,0
1398781799,3540.0188,3549.9294,3538.2422,3549.9294,0
1398782099,3544.9075,3545.5166,3538.2476,3539.9373,0
1398782399,3547.2139,3550.1743,3544.8184,3544.9675,0
1398782699,3556.7334,3556.8252,3547.0981,3547.2280,0
1398782999,3557.5850,3561.2581,3557.0188,3557.0188,0
1398783299,3558.8730,3559.7449,3555.7444,3557.5674,0
1398783599,3556.4414,3560.9800,3556.4414,3558.8918,0
1398783899,3557.3457,3560.1018,3556.2937,3556.2937,0
1398784199,3558.4041,3558.6624,3555.3005,3557.3398,0
1398784499,3550.0520,3558.6636,3550.0295,3558.1848,0
1398784799,3552.0371,3554.0959,3550.0603,3550.0603,0
1398785099,3559.4360,3559.5649,3551.9512,3552.0608,0
1398785399,3565.6934,3566.0884,3559.3508,3559.3989,0
1398785699,3565.7998,3567.1782,3564.3430,3565.6023,0
1398785999,3564.0669,3566.5107,3563.1526,3565.7598,0
1398786299,3563.8604,3564.0315,3560.9004,3564.0315,0
1398786599,3563.6572,3565.1460,3560.9424,3563.8770,0
1398786899,3562.5190,3563.5459,3560.8010,3563.5432,0
1398787199,3562.6450,3564.8347,3562.0554,3562.5298,0
1398787499,3562.8955,3563.8044,3562.5225,3562.6743,0
1398787799,3566.1284,3568.1382,3562.7456,3562.9060,0
1398788099,3566.2927,3567.6042,3566.1284,3566.1284,0
1398788399,3567.0010,3567.0791,3563.9412,3566.3054,0
1398788699,3570.3345,3572.3884,3566.9973,3566.9973,0
1398788999,3572.0095,3572.0239,3569.3315,3570.3130,0
1398789299,3576.2661,3576.2661,3571.5261,3571.9243,0
1398789599,3576.5459,3578.7517,3576.2886,3576.2886,0
1398789899,3577.5608,3579.0305,3576.5427,3576.5452,0
1398790199,3575.7510,3577.7393,3575.7510,3577.5400,0
1398790499,3575.6677,3577.5720,3575.6138,3575.7468,0
1398790799,3575.2932,3575.9175,3574.2810,3575.6777,0
1398791099,3575.1055,3575.3928,3574.1477,3575.2014,0
1398791399,3571.5220,3575.1077,3571.0989,3575.1074,0
1398791699,3570.4729,3573.8052,3570.2402,3571.4761,0
1398791999,3570.3762,3570.4668,3568.8552,3570.4668,0
1398792299,3572.8237,3573.0793,3568.8179,3570.3647,0
1398792599,3571.8972,3573.2461,3571.4912,3572.8059,0
1398792899,3571.3550,3572.7173,3570.1057,3571.8660,0
1398793199,3572.7441,3574.0642,3571.2656,3571.3523,0
1398793499,3571.8821,3575.3215,3571.8821,3572.7441,0
1398793799,3572.2012,3572.2012,3569.4065,3571.8828,0
1398794099,3575.7314,3575.7314,3572.1575,3572.1575,0
1398794399,3577.5430,3577.7935,3575.5066,3575.7280,0
1398794699,3577.0266,3577.7437,3575.4614,3577.5400,0
1398794999,3577.8262,3577.9387,3575.9883,3576.9402,0
1398795299,3575.8333,3578.2102,3575.8333,3577.8940,0
1398795599,3575.5510,3575.8379,3573.7874,3575.8379,0
1398795899,3576.9019,3578.0686,3575.5618,3575.5671,0
1398796199,3575.2654,3577.6689,3574.8779,3576.9048,0
1398796499,3576.3687,3576.6812,3575.2817,3575.3372,0
1398796799,3575.8022,3576.8545,3575.2798,3576.4412,0
1398797099,3574.8748,3575.8801,3574.4294,3575.8271,0
1398797399,3577.1016,3577.1370,3574.3159,3574.8792,0
1398797699,3575.2034,3577.1038,3574.9182,3577.1038,0
1398797999,3575.7285,3576.1147,3575.0513,3575.2261,0
1398798299,3575.8569,3576.8442,3575.3843,3575.7307,0
1398798599,3577.1709,3577.5764,3575.6902,3575.8516,0
1398798899,3575.0168,3577.4648,3574.9187,3577.1411,0
1398799199,3575.4260,3576.2476,3574.2131,3575.0251,0
1398799499,3575.2427,3575.8853,3573.7454,3575.3762,0
1398799799,3577.7615,3577.7764,3575.2390,3575.2412,0
1398800099,3576.7065,3577.7881,3576.3486,3577.7881,0
1398800399,3574.1416,3576.8516,3572.8574,3576.7224,0
1398800699,3570.6216,3574.2231,3570.6216,3574.2102,0
1398800999,3574.0793,3574.4050,3570.4846,3570.6050,0
1398801299,3572.3857,3574.3674,3571.9243,3574.0957,0
1398801599,3573.5867,3575.3352,3571.8281,3572.2961,0
1398801600,3573.9900,3573.9900,3573.9900,3573.9900,0
1398864899,3560.3374,3560.5403,3554.7747,3555.8730,0
1398865199,3558.0620,3560.3018,3556.2756,3560.2517,0
1398865499,3558.7834,3559.4934,3554.3669,3557.9426,0
1398865799,3558.5125,3566.0986,3558.5125,3559.3777,0
1398866099,3550.6619,3561.5840,3549.2654,3558.3494,0
1398866399,3555.3167,3556.1824,3548.1101,3550.1560,0
1398866699,3549.4778,3555.3293,3548.8020,3555.3293,0
1398866999,3554.3425,3556.1746,3548.6245,3549.4722,0
1398867299,3557.7646,3558.0137,3554.5701,3554.5701,0
1398867599,3566.7871,3567.5540,3557.8792,3557.8792,0
1398867899,3569.6404,3569.7151,3564.2744,3566.9363,0
1398868199,3570.2229,3572.3452,3568.8879,3569.9031,0
1398868499,3570.4497,3575.0134,3570.2168,3570.2168,0
1398868798,3571.1921,3571.7134,3569.3267,3570.4880,0
1398869099,3570.9185,3572.1570,3570.3591,3571.2153,0
1398869399,3573.8860,3575.0242,3568.9478,3570.0134,0
1398869699,3577.0549,3578.2561,3573.8872,3573.8872,0
1398869999,3573.4434,3577.5498,3573.4434,3577.0784,0
1398870299,3574.3137,3575.4524,3572.8699,3573.4612,0
1398870599,3571.5549,3574.4719,3571.4626,3574.4629,0
1398870899,3566.5903,3571.6555,3566.3013,3571.5549,0
1398871199,3566.9841,3569.1016,3564.5071,3566.5691,0
1398871499,3568.0986,3568.6404,3565.5913,3566.9377,0
1398871799,3571.3308,3571.3372,3566.7278,3568.1016,0
1398872099,3571.4177,3572.3157,3570.6516,3571.2969,0
1398872399,3568.8386,3571.4373,3567.2825,3571.4373,0
1398872699,3571.5093,3571.8059,3568.8875,3568.8875,0
1398872999,3568.5945,3571.4817,3567.9858,3571.4644,0
1398873299,3570.6104,3570.6858,3568.5913,3568.5945,0
1398873599,3568.6633,3570.9653,3568.0029,3570.5974,0
1398873899,3570.8091,3571.0747,3568.6760,3568.6760,0
1398874199,3571.5552,3572.0476,3570.8215,3570.8215,0
1398874499,3574.5547,3574.8064,3571.5879,3571.5908,0
1398874799,3573.2639,3574.4709,3572.3274,3574.4709,0
1398875099,3573.1565,3574.1628,3572.1233,3573.2659,0
1398875399,3571.8801,3573.2634,3571.3301,3573.1897,0
1398875699,3571.6196,3572.3579,3570.1443,3571.9570,0
1398875999,3572.8232,3573.0066,3571.3540,3571.6287,0
1398876299,3572.6033,3573.3115,3572.1677,3572.7861,0
1398876599,3573.6277,3573.6824,3572.3240,3572.6511,0
1398876899,3573.6887,3573.7415,3572.8250,3573.6189,0
1398877199,3574.6323,3575.0259,3573.5447,3573.6895,0
1398877499,3576.6216,3576.6216,3574.3132,3574.7595,0
1398877799,3577.9863,3578.1404,3576.6025,3576.6355,0
1398878099,3576.3203,3578.0085,3576.0244,3578.0085,0
1398878399,3574.8362,3577.0649,3574.8120,3576.3208,0
1398878699,3575.9124,3576.9404,3573.8669,3574.8013,0
1398878999,3576.8596,3577.0549,3575.7634,3575.9377,0
1398879299,3574.9585,3576.8044,3574.7732,3576.8044,0
1398879599,3573.9829,3575.6956,3573.9827,3574.9863,0
1398879899,3572.6387,3574.0806,3572.0955,3573.9846,0
1398880199,3572.1580,3572.7971,3572.0493,3572.6589,0
1398880499,3572.4509,3572.8999,3571.8513,3572.0603,0
1398880799,3571.4543,3573.7192,3571.4475,3572.4536,0
1398881099,3581.9011,3583.3564,3567.6738,3571.8005,0
1398881399,3575.9277,3581.7346,3570.8188,3581.7346,0
1398881699,3569.7080,3576.0557,3567.3567,3575.9392,0
1398881999,3572.8186,3574.4922,3568.6135,3568.7810,0
1398882299,3576.2380,3576.2874,3571.8408,3572.8623,0
1398882599,3574.2905,3576.6094,3573.6753,3576.3862,0
1398882899,3577.2361,3577.2361,3574.1953,3574.3008,0
1398883199,3573.7500,3578.9231,3573.7397,3577.2781,0
1398883499,3576.5203,3577.7910,3573.4038,3573.7375,0
1398883799,3584.7209,3585.5020,3576.5076,3576.5120,0
1398884099,3584.3208,3585.4526,3581.9390,3584.6909,0
1398884399,3580.9451,3585.1169,3580.2698,3584.3792,0
1398884699,3579.9995,3582.5991,3579.2327,3580.9746,0
1398884999,3576.7341,3580.4038,3576.6428,3579.9158,0
1398885299,3576.6533,3577.9084,3575.5710,3576.7349,0
1398885599,3574.9670,3576.7334,3570.9524,3576.6824,0
1398885899,3573.8196,3575.6982,3572.8362,3574.9451,0
1398886199,3578.2263,3579.0400,3573.3699,3573.8225,0
1398886499,3580.8577,3581.6475,3578.3008,3578.3008,0
1398886799,3580.4641,3581.8660,3577.8574,3580.8687,0
1398887099,3584.4033,3584.4033,3579.7117,3580.3960,0
1398887399,3579.3977,3584.3718,3576.2485,3584.3718,0
1398887699,3581.0237,3582.3306,3579.6401,3579.6401,0
1398887999,3581.5891,3582.7678,3579.0149,3581.0210,0
1398888000,3582.0200,3582.0200,3582.0200,3582.0200,0
1398951299,3580.7493,3589.8250,3580.2046,3589.0908,0
1398951599,3589.7959,3590.3625,3580.0188,3580.9512,0
1398951899,3592.9734,3596.5806,3589.5942,3589.5942,0
1398952199,3589.8442,3593.3342,3588.3306,3593.2375,0
1398952499,3591.1208,3592.3462,3587.8469,3589.8274,0
1398952799,3590.4539,3594.6809,3589.8645,3591.3206,0
1398953099,3591.4946,3592.9465,3587.0256,3591.0474,0
1398953399,3592.1843,3596.0322,3591.3438,3591.3804,0
1398953699,3587.4253,3595.7708,3587.4253,3592.3066,0
1398953999,3584.8127,3589.2205,3582.1550,3587.3384,0
1398954299,3589.3765,3589.3809,3582.2373,3584.7214,0
1398954599,3593.1724,3593.3760,3589.3723,3589.3723,0
1398954899,3597.3040,3597.3694,3592.6343,3593.1567,0
1398955199,3594.1616,3597.7478,3593.8750,3597.2617,0
1398955499,3598.9763,3599.0254,3594.1079,3594.1643,0
1398955799,3601.8638,3604.0103,3598.6897,3598.9653,0
1398956099,3603.6675,3605.5281,3601.8784,3601.8884,0
1398956399,3602.8713,3605.9185,3602.7534,3603.6724,0
1398956699,3603.3816,3604.0396,3602.5037,3602.9253,0
1398956999,3599.9399,3603.3645,3598.8008,3603.3645,0
1398957299,3602.8564,3604.0142,3599.8145,3599.9202,0
1398957599,3604.8184,3605.6638,3602.7307,3603.0703,0
1398957899,3604.3191,3605.7341,3603.1709,3604.7688,0
1398958199,3605.7117,3606.9988,3604.3254,3604.3254,0
1398958499,3610.6492,3612.5742,3605.6257,3605.6733,0
1398958799,3611.1194,3613.0305,3610.3979,3610.6443,0
1398959099,3608.1760,3611.1475,3608.1760,3611.1475,0
1398959399,3606.3164,3608.1047,3605.4077,3608.1047,0
1398959699,3602.7834,3606.2969,3601.0378,3606.2969,0
1398959999,3600.8662,3604.0215,3600.2622,3602.8340,0
1398960299,3605.1389,3605.2471,3600.2590,3600.8528,0
1398960599,3606.5066,3606.5066,3604.3206,3605.0930,0
1398960899,3605.9749,3607.0781,3604.6453,3606.5828,0
1398961199,3603.8169,3606.3464,3603.8169,3605.9749,0
1398961499,3602.7146,3603.8105,3601.1785,3603.8105,0
1398961799,3603.7854,3604.2375,3601.3057,3602.7146,0
1398962099,3603.9324,3603.9324,3602.2380,3603.7698,0
1398962399,3601.7021,3604.8574,3601.7021,3603.9424,0
1398962699,3601.7751,3603.6357,3601.3252,3601.6594,0
1398962999,3600.2810,3601.8069,3598.4299,3601.7798,0
1398963299,3602.2791,3602.2791,3600.2959,3600.2959,0
1398963599,3602.0247,3603.5081,3601.8701,3602.2505,0
1398963899,3602.2825,3603.5774,3601.9534,3602.0183,0
1398964199,3604.2454,3604.5715,3601.6721,3602.2905,0
1398964499,3601.2056,3604.3582,3600.7114,3604.2993,0
1398964799,3599.2019,3601.1733,3598.4219,3601.1643,0
1398965099,3597.1660,3599.1370,3596.0154,3599.0977,0
1398965399,3597.0891,3598.1914,3596.7109,3597.1667,0
1398965699,3596.9661,3597.7891,3595.2803,3597.0950,0
1398965999,3600.1440,3600.1440,3596.3550,3596.9529,0
1398966299,3598.9465,3600.3440,3597.8228,3600.1189,0
1398966599,3598.0042,3601.7163,3598.0042,3598.9395,0
1398966899,3595.1868,3597.9670,3594.9082,3597.9670,0
1398967199,3591.2964,3595.2590,3589.7766,3595.0725,0
1398967499,3596.3379,3596.3469,3590.6816,3591.2974,0
1398967799,3596.9275,3596.9275,3595.0386,3596.3276,0
1398968099,3595.0134,3597.7817,3594.9861,3596.9185,0
1398968399,3592.6025,3596.0959,3592.5989,3595.0081,0
1398968699,3594.0652,3594.8757,3592.0688,3592.5886,0
1398968999,3594.9036,3595.3069,3592.9749,3594.0588,0
1398969299,3593.6240,3595.4229,3593.6072,3594.8940,0
1398969599,3589.4827,3593.6162,3589.2634,3593.6162,0
1398969899,3586.9468,3591.0105,3586.7563,3589.5149,0
1398970199,3590.4038,3590.6199,3586.2517,3586.9722,0
1398970499,3590.1750,3591.6218,3589.6199,3590.4014,0
1398970799,3591.2471,3591.7910,3588.9067,3590.2192,0
1398971099,3589.2327,3591.4741,3589.1687,3591.1426,0
1398971399,3588.8047,3589.7803,3587.4678,3589.2217,0
1398971699,3591.3411,3591.3750,3586.8313,3588.8083,0
1398971999,3592.9319,3595.2300,3590.6997,3591.3733,0
1398972299,3591.4670,3594.0552,3591.1765,3592.9561,0
1398972599,3589.7932,3591.5977,3588.6624,3591.4778,0
1398972899,3589.8542,3589.9551,3587.8430,3589.7549,0
1398973199,3589.4761,3590.9146,3588.6694,3589.8452,0
1398973499,3588.4443,3591.1990,3588.4319,3589.4880,0
1398973799,3587.7305,3589.3623,3587.5278,3588.4292,0
1398974099,3592.9309,3593.1895,3587.9182,3587.9182,0
1398974399,3593.9109,3593.9905,3591.8047,3592.9570,0
1398974400,3594.3623,3594.3623,3594.3623,3594.3623,0
1399037699,3604.7300,3609.2932,3599.2463,3607.9336,0
1399037999,3609.6863,3611.1372,3604.3608,3604.5847,0
1399038299,3600.9204,3611.5625,3599.1353,3609.8403,0
1399038599,3593.3379,3605.3325,3593.3042,3601.7783,0
1399038899,3591.1646,3596.5332,3590.8557,3593.1926,0
1399039199,3593.6716,3593.6992,3587.4895,3591.1047,0
1399039499,3591.4951,3594.5437,3589.7542,3593.7756,0
1399039799,3602.0701,3603.8481,3591.5598,3591.5674,0
1399040099,3603.1687,3605.1345,3601.9668,3602.1072,0
1399040399,3602.3157,3603.8958,3601.2295,3603.2083,0
1399040699,3602.2737,3603.6777,3599.8674,3602.3271,0
1399040999,3598.5874,3603.5708,3596.6140,3602.3115,0
1399041299,3600.2932,3600.2932,3595.6003,3598.5596,0
1399041599,3601.2751,3604.2712,3600.2605,3600.4236,0
1399041899,3592.5977,3601.6689,3590.1575,3601.2725,0
1399042199,3580.1101,3592.8892,3580.0842,3592.6030,0
1399042499,3583.3291,3584.7581,3578.5273,3580.1191,0
1399042799,3584.3235,3587.2327,3581.2244,3583.3586,0
1399043099,3590.5176,3590.7766,3583.1460,3584.2549,0
1399043399,3591.0461,3592.7119,3589.7180,3590.5461,0
1399043699,3587.0437,3591.3701,3586.5381,3591.0461,0
1399043999,3591.1953,3591.2012,3586.5061,3586.9631,0
1399044299,3588.3665,3591.2354,3588.1399,3591.2354,0
1399044599,3586.2109,3588.4617,3585.6294,3588.3547,0
1399044899,3596.2896,3596.8198,3586.4333,3586.4333,0
1399045199,3594.8887,3596.2698,3594.6160,3596.2698,0
1399045499,3593.1406,3594.9812,3591.8850,3594.9001,0
1399045799,3597.2759,3597.6631,3593.1152,3593.1426,0
1399046099,3598.9153,3599.6453,3596.8665,3597.2546,0
1399046399,3598.4019,3600.2290,3597.9141,3598.9187,0
1399046699,3595.7627,3598.5383,3595.6826,3598.4880,0
1399046999,3594.4385,3596.7444,3594.4385,3595.7661,0
1399047299,3596.2681,3596.2681,3593.6382,3594.4358,0
1399047599,3596.1892,3596.4553,3595.5806,3596.2725,0
1399047899,3596.7393,3597.2405,3595.8950,3596.1807,0
1399048199,3595.7949,3596.7886,3595.5649,3596.7393,0
1399048499,3596.9434,3596.9941,3595.2112,3595.8914,0
1399048799,3599.5344,3600.2739,3596.9407,3596.9497,0
1399049099,3599.3733,3600.5588,3599.3733,3599.5205,0
1399049399,3599.6162,3600.3984,3599.2461,3599.3672,0
1399049699,3598.2771,3599.6091,3597.5020,3599.6091,0
1399049999,3596.5935,3598.4263,3596.3640,3598.1094,0
1399050299,3597.8760,3597.9038,3596.6069,3596.6069,0
1399050599,3594.3232,3598.7578,3594.3232,3597.9060,0
1399050899,3594.3757,3594.6064,3592.3809,3594.3169,0
1399051199,3592.6814,3594.3921,3591.1936,3594.3921,0
1399051499,3593.3025,3594.2454,3591.6340,3592.7002,0
1399051799,3589.7263,3593.4153,3589.5305,3593.3208,0
1399052099,3589.9263,3590.3730,3588.1487,3589.6204,0
1399052399,3588.5752,3589.8801,3587.4426,3589.8457,0
1399052699,3588.7512,3588.7512,3586.3994,3588.5291,0
1399052999,3589.2268,3589.7642,3587.9519,3588.7625,0
1399053299,3588.2625,3590.1736,3588.1848,3589.2334,0
1399053599,3586.5515,3588.3762,3586.5300,3588.2581,0
1399053899,3586.8306,3586.8306,3584.0137,3586.4434,0
1399054199,3583.9841,3587.4016,3583.9841,3586.8447,0
1399054499,3585.3882,3585.9236,3583.4980,3584.0000,0
1399054799,3588.9285,3588.9883,3585.3699,3585.3750,0
1399055099,3586.9209,3588.9285,3586.7949,3588.9285,0
1399055399,3586.1880,3587.8101,3586.1714,3586.8950,0
1399055699,3590.4226,3590.4226,3586.2876,3586.3320,0
1399055999,3590.9480,3592.4551,3590.1304,3590.4380,0
1399056299,3590.5227,3591.1648,3590.3499,3590.9407,0
1399056599,3589.7207,3590.9873,3589.3711,3590.5212,0
1399056899,3591.3679,3591.4656,3589.7122,3589.7122,0
1399057199,3589.9424,3591.3230,3589.9424,3591.1987,0
1399057499,3592.7683,3592.7825,3589.9546,3589.9905,0
1399057799,3596.0125,3596.0176,3592.8601,3592.8601,0
1399058099,3594.4333,3596.2046,3594.0925,3596.0178,0
1399058399,3594.8096,3595.0161,3593.9907,3594.4670,0
1399058699,3593.0305,3594.8928,3592.8611,3594.8091,0
1399058999,3591.2463,3593.1321,3591.2463,3593.1228,0
1399059299,3587.8206,3591.7703,3587.7288,3591.2427,0
1399059599,3587.7234,3588.3486,3586.4209,3587.8054,0
1399059899,3588.3809,3588.9849,3587.2778,3587.7766,0
1399060199,3587.2212,3589.1726,3586.8293,3588.5088,0
1399060499,3589.5686,3590.9541,3587.7700,3587.7700,0
1399060799,3586.7280,3590.1606,3586.7280,3589.5774,0
1399060800,3587.6440,3587.6440,3587.6440,3587.6440,0
1399296899,3558.8560,3567.4951,3556.8845,3565.8689,0
1399297199,3564.7166,3564.7166,3556.4031,3559.0310,0
1399297499,3569.1880,3570.7734,3560.1045,3564.7783,0
1399297799,3564.4290,3571.3320,3564.3320,3568.8635,0
1399298099,3574.3396,3575.0681,3563.7712,3564.5398,0
1399298399,3580.1936,3580.1936,3573.1411,3574.2478,0
1399298699,3580.8840,3582.5637,3577.3054,3580.3677,0
1399298999,3579.7046,3580.9106,3576.4233,3580.8821,0
1399299299,3583.3044,3584.3157,3579.2600,3579.7131,0
1399299599,3589.4321,3589.8501,3583.4338,3583.4338,0
1399299899,3593.3889,3594.5518,3589.1084,3589.5386,0
1399300199,3587.4614,3594.1726,3587.1118,3593.4019,0
1399300499,3589.6086,3589.8345,3587.4253,3587.4409,0
1399300799,3589.0388,3591.2122,3587.8611,3589.5898,0
1399301099,3595.1379,3598.8071,3588.8921,3588.9009,0
1399301399,3593.2581,3597.0017,3592.7117,3595.1826,0
1399301699,3595.5220,3596.7126,3592.9866,3593.2656,0
1399301999,3592.7285,3596.0886,3591.6594,3595.3418,0
1399302299,3589.0959,3592.7617,3588.3269,3592.7339,0
1399302599,3589.4473,3590.3906,3588.2261,3589.1458,0
1399302899,3590.0459,3591.2537,3588.5649,3589.5059,0
1399303199,3589.3025,3591.6182,3588.7529,3590.0464,0
1399303499,3592.2563,3593.5999,3589.3103,3589.3142,0
1399303799,3593.0081,3593.0151,3590.5715,3592.2490,0
1399304099,3594.5698,3596.1433,3592.8164,3593.1812,0
1399304399,3594.5544,3594.6392,3593.5461,3594.5820,0
1399304699,3592.8074,3597.4338,3592.8074,3594.5649,0
1399304999,3594.9717,3595.5923,3592.7979,3592.8210,0
1399305299,3595.5166,3596.2456,3593.2944,3594.9229,0
1399305599,3596.0466,3596.3433,3595.3599,3595.5259,0
1399305899,3596.0544,3596.9399,3595.8975,3596.6956,0
1399306199,3592.4792,3596.2134,3592.4792,3596.0574,0
1399306499,3594.4646,3594.5249,3592.4697,3592.4983,0
1399306799,3594.7727,3595.1824,3594.2954,3594.4646,0
1399307099,3595.9082,3595.9082,3594.6724,3594.7756,0
1399307399,3594.4009,3596.0044,3594.3911,3595.9033,0
1399307699,3594.4551,3594.4551,3592.9834,3594.4075,0
1399307999,3594.8762,3594.8831,3593.8926,3594.3435,0
1399308299,3593.1733,3594.9314,3592.8953,3594.8752,0
1399308599,3593.9189,3594.6206,3593.0540,3593.1545,0
1399308899,3593.8330,3594.4429,3592.9614,3593.9177,0
1399309199,3589.6184,3593.8684,3589.4917,3593.8572,0
1399309499,3589.7869,3590.5608,3589.4502,3589.6313,0
1399309799,3590.2646,3591.1880,3589.7888,3589.7888,0
1399310099,3588.6348,3590.2659,3587.6284,3590.2480,0
1399310399,3590.1343,3590.2495,3587.8762,3588.6328,0
1399310699,3590.7024,3591.0276,3589.3210,3590.1431,0
1399310999,3590.3320,3592.0725,3590.0872,3590.7046,0
1399311299,3592.5505,3592.8315,3590.3364,3590.3364,0
1399311599,3590.8589,3592.6426,3590.8403,3592.5505,0
1399311899,3593.6016,3593.6731,3590.7393,3590.8511,0
1399312199,3594.3311,3594.5239,3592.8176,3593.5986,0
1399312499,3594.6680,3594.8176,3593.2778,3594.4026,0
1399312799,3594.4170,3595.1562,3594.2158,3594.6152,0
1399313099,3595.7703,3596.4490,3594.3984,3594.3984,0
1399313399,3595.7209,3596.0369,3594.3965,3595.7913,0
1399313699,3595.2397,3595.7886,3594.4922,3595.7134,0
1399313999,3596.0232,3596.0232,3595.2151,3595.2417,0
1399314299,3597.0850,3597.1416,3595.9128,3596.0144,0
1399314599,3596.2126,3597.3557,3596.1658,3597.0823,0
1399314899,3596.9985,3597.0774,3595.1987,3596.1816,0
1399315199,3596.5251,3597.5498,3595.9724,3597.0017,0
1399315499,3600.0742,3600.0933,3596.5481,3596.5747,0
1399315799,3603.6619,3603.6619,3599.7537,3600.0930,0
1399316099,3603.3635,3604.6265,3602.0950,3603.6101,0
1399316399,3602.9895,3603.6299,3602.4783,3603.3945,0
1399316699,3601.9893,3603.0071,3601.0752,3603.0071,0
1399316999,3603.6082,3603.6082,3601.9158,3601.9158,0
1399317299,3601.8691,3604.2295,3601.7761,3603.6443,0
1399317599,3601.0046,3602.2961,3600.4285,3601.8667,0
1399317899,3601.1167,3601.8171,3600.7017,3601.0029,0
1399318199,3602.5732,3602.5732,3600.4199,3601.1184,0
1399318499,3603.8423,3603.9954,3602.2595,3602.5911,0
1399318799,3602.6274,3604.0554,3602.4517,3603.7817,0
1399319099,3600.2615,3603.5483,3599.9912,3602.6331,0
1399319399,3601.3262,3602.4387,3600.2654,3600.2654,0
1399319699,3602.9656,3603.3413,3600.8354,3601.4976,0
1399319999,3604.9148,3605.2632,3602.8142,3602.9404,0
1399320000,3605.0920,3605.0920,3605.0920,3605.0920,0
1399383299,3597.0769,3599.3911,3594.1824,3598.2693,0
1399383599,3592.4812,3597.2705,3590.1074,3597.1396,0
1399383899,3590.9502,3592.5564,3587.4883,3592.4714,0
1399384199,3594.1387,3597.7476,3589.6921,3589.8818,0
1399384499,3594.8606,3595.7354,3589.8523,3594.0774,0
1399384799,3597.8962,3597.9038,3592.3066,3594.8682,0
1399385099,3594.8884,3598.3679,3592.7932,3598.2153,0
1399385399,3588.7864,3594.8799,3588.7817,3594.5940,0
1399385699,3593.4348,3593.4348,3588.1907,3588.7764,0
1399385999,3594.2791,3596.4658,3593.6174,3593.6455,0
1399386299,3597.9385,3598.9856,3593.4922,3594.1812,0
1399386599,3597.1562,3597.9705,3595.1904,3597.9116,0
1399386899,3598.0933,3599.6545,3596.0925,3597.0908,0
1399387199,3594.2183,3598.0952,3593.9656,3598.0952,0
1399387499,3595.7493,3596.1111,3592.5586,3594.1758,0
1399387799,3593.9619,3595.7488,3592.7107,3595.7102,0
1399388099,3588.6106,3595.3618,3588.6106,3593.9727,0
1399388399,3583.7678,3589.8418,3583.7446,3588.5376,0
1399388699,3585.1760,3585.1760,3580.7288,3583.8032,0
1399388999,3583.5808,3585.0139,3582.1987,3585.0139,0
1399389299,3586.1626,3586.6333,3583.2004,3583.5896,0
1399389599,3586.1428,3586.2854,3584.7151,3586.1726,0
1399389899,3586.5061,3587.1748,3585.1555,3586.1689,0
1399390199,3584.4355,3586.6909,3583.0754,3586.5454,0
1399390499,3584.8264,3586.2595,3583.5940,3584.3843,0
1399390799,3587.0305,3587.3047,3583.9436,3584.8066,0
1399391099,3584.4553,3586.9927,3584.4553,3586.9927,0
1399391399,3586.1338,3586.3105,3583.5208,3584.4629,0
1399391699,3586.0510,3586.5793,3584.9822,3586.1460,0
1399391999,3589.3293,3589.7952,3585.9414,3586.0676,0
1399392299,3587.2751,3589.9163,3587.2751,3589.3540,0
1399392599,3588.8025,3588.8025,3587.1575,3587.2751,0
1399392899,3588.2754,3589.3101,3588.1687,3588.6946,0
1399393199,3587.3079,3588.3660,3586.3665,3588.3083,0
1399393499,3585.8591,3587.5051,3584.2366,3587.3127,0
1399393799,3585.4822,3586.0903,3583.4946,3585.9084,0
1399394099,3586.1233,3586.5586,3585.4187,3585.4822,0
1399394399,3586.9880,3588.1880,3586.1340,3586.1411,0
1399394699,3587.8062,3587.9397,3586.9934,3586.9934,0
1399394999,3587.8530,3588.0608,3586.4551,3587.8044,0
1399395299,3586.3687,3587.8521,3586.2722,3587.8521,0
1399395599,3587.1531,3587.3560,3585.7651,3586.3767,0
1399395899,3587.1953,3587.2412,3586.1536,3587.1462,0
1399396199,3583.8591,3587.5405,3583.2866,3587.1790,0
1399396499,3582.5166,3584.6472,3582.3923,3583.8477,0
1399396799,3583.0161,3583.1179,3581.3340,3582.5166,0
1399397099,3581.9839,3583.5217,3581.9331,3583.0137,0
1399397399,3577.8008,3581.9487,3577.6055,3581.9487,0
1399397699,3578.8691,3579.6738,3577.5259,3577.7971,0
1399397999,3572.9934,3578.8840,3572.9727,3578.8840,0
1399398299,3567.0835,3573.2136,3567.0127,3573.0039,0
1399398599,3568.5720,3569.6970,3567.1572,3567.1841,0
1399398899,3570.4226,3570.7742,3568.6672,3568.6672,0
1399399199,3566.7432,3570.8154,3566.6443,3570.4585,0
1399399499,3563.0129,3566.7383,3562.9106,3566.7383,0
1399399799,3566.5083,3566.5083,3561.6809,3563.0747,0
1399400099,3566.4810,3568.4189,3565.6484,3566.5115,0
1399400399,3569.1584,3569.3105,3566.3718,3566.5078,0
1399400699,3564.2417,3569.0488,3564.0657,3569.0488,0
1399400999,3565.4490,3566.5303,3563.8220,3564.2488,0
1399401299,3566.1660,3566.9180,3562.7993,3565.4128,0
1399401599,3565.1978,3566.4976,3563.3247,3566.2095,0
1399401899,3567.1389,3567.8132,3564.5999,3565.2083,0
1399402199,3564.9771,3567.6069,3564.9771,3567.1426,0
1399402499,3565.9902,3566.0154,3564.1624,3564.9175,0
1399402799,3563.8374,3566.1108,3563.8374,3565.9397,0
1399403099,3561.6433,3563.7090,3559.7449,3563.7090,0
1399403399,3562.0239,3562.5735,3561.2007,3561.6287,0
1399403699,3564.7920,3565.4275,3561.2329,3562.0422,0
1399403999,3566.9031,3568.4697,3564.7871,3564.7964,0
1399404299,3567.5505,3570.2563,3566.9043,3566.9885,0
1399404599,3566.7480,3567.8428,3566.6506,3567.6260,0
1399404899,3565.9622,3566.9167,3565.4404,3566.6758,0
1399405199,3567.1948,3567.8291,3565.4990,3565.9602,0
1399405499,3563.9810,3567.1882,3562.7976,3567.1462,0
1399405799,3563.1277,3564.2068,3561.8425,3563.9165,0
1399406099,3557.5366,3563.0225,3556.6833,3563.0225,0
1399406399,3556.9775,3558.7959,3556.0994,3557.5359,0
1399406400,3556.5088,3556.5088,3556.5088,3556.5088,0
