uri:/instrument/1.0/^NDX/chartdata;type=quote;range=1d/csv
ticker:^ndx
Company-Name:NASDAQ-100
Exchange-Name:NIM
unit:MIN
timezone:EDT
currency:USD
gmtoffset:-14400
previous_close:3615.6169
Timestamp:1401197400,1401220800
labels:1401199200,1401202800,1401206400,1401210000,1401213600,1401217200,1401220800
values:Timestamp,close,high,low,open,volume
close:3691.4905,3723.0649
high:3693.1868,3723.0649
low:3691.2080,3723.0649
open:3692.1470,3723.0649
volume:0,0
1401197452,3691.4905,3693.1868,3691.2080,3693.1868,0
1401197510,3694.0627,3694.8706,3691.8999,3692.1470,0
1401197577,3697.0901,3697.0901,3695.7634,3696.1570,0
1401197639,3697.3428,3697.7732,3696.2598,3696.7932,0
1401197699,3698.1365,3698.7136,3697.3984,3697.3984,0
1401197759,3696.2754,3698.7585,3696.2754,3698.0928,0
1401197819,3692.5486,3696.2332,3692.5486,3696.2173,0
1401197879,3693.7612,3693.7612,3692.1714,3692.4104,0
1401197939,3693.7058,3693.9521,3692.7712,3693.6353,0
1401197999,3693.2056,3694.3347,3692.4587,3693.7495,0
1401198059,3694.5454,3695.0503,3693.1196,3693.1196,0
1401198119,3694.8540,3695.0637,3693.9568,3694.3904,0
1401198179,3695.0540,3696.7861,3694.4485,3694.8250,0
1401198239,3695.1125,3695.6177,3695.0154,3695.0154,0
1401198299,3696.9692,3697.2229,3694.7017,3695.0088,0
1401198359,3697.2976,3698.6460,3697.2976,3697.3293,0
1401198419,3697.8687,3697.8687,3696.5977,3697.2747,0
1401198479,3699.3787,3699.3787,3697.7988,3697.8857,0
1401198539,3700.2188,3700.5171,3699.2749,3699.2957,0
1401198599,3701.2090,3701.4036,3699.7996,3700.3022,0
1401198659,3701.5674,3701.8582,3701.1223,3701.1770,0
1401198719,3701.3599,3701.8301,3700.8433,3701.5757,0
1401198779,3700.9409,3702.3599,3700.6904,3701.2620,0
1401198839,3699.5706,3701.2546,3699.4204,3700.9939,0
1401198899,3699.6885,3700.5715,3699.3787,3699.5898,0
1401198959,3699.4683,3699.6377,3698.9575,3699.6377,0
1401199019,3701.2905,3701.5461,3699.4885,3699.4885,0
1401199079,3701.7271,3702.2722,3701.2998,3701.2998,0
1401199139,3699.1479,3701.6865,3698.9849,3701.6455,0
1401199199,3696.2896,3699.2148,3696.2896,3699.1404,0
1401199259,3697.5703,3697.5703,3696.2012,3696.2092,0
1401199319,3697.0229,3698.4290,3696.5479,3697.5884,0
1401199379,3697.1013,3697.6052,3696.8723,3696.9441,0
1401199439,3695.9453,3697.0547,3695.9453,3697.0374,0
1401199499,3696.5847,3696.9231,3695.4580,3695.8923,0
1401199559,3698.1379,3698.1431,3696.5315,3696.5713,0
1401199619,3700.8220,3700.8760,3697.8328,3698.0793,0
1401199679,3701.1526,3701.1526,3699.2454,3700.9243,0
1401199739,3702.5408,3702.5408,3700.8372,3701.2407,0
1401199799,3702.6030,3702.6030,3701.5540,3702.5166,0
1401199859,3700.6890,3702.6213,3700.0430,3702.5454,0
1401199919,3702.9434,3702.9468,3700.7583,3700.7583,0
1401199979,3703.3940,3703.7991,3702.7458,3702.9478,0
1401200039,3704.8274,3704.8657,3703.3970,3703.3970,0
1401200099,3705.2734,3705.3894,3704.7053,3704.8450,0
1401200159,3705.5928,3705.7861,3705.3499,3705.3794,0
1401200219,3705.3804,3706.3821,3705.3721,3705.6079,0
1401200279,3705.9321,3706.0750,3705.3784,3705.3784,0
1401200339,3706.5706,3707.1824,3706.0623,3706.0623,0
1401200399,3705.7336,3706.5874,3704.8694,3706.5874,0
1401200459,3706.1211,3706.2209,3705.7322,3705.7322,0
1401200519,3707.1692,3707.1709,3706.0850,3706.0862,0
1401200579,3707.1008,3707.4736,3706.7341,3707.1128,0
1401200639,3706.8230,3707.2549,3706.7961,3707.1040,0
1401200699,3705.1721,3706.8401,3705.1506,3706.8401,0
1401200759,3705.1448,3705.2747,3704.9036,3705.1138,0
1401200819,3706.1274,3706.1646,3705.1677,3705.1677,0
1401200879,3705.9707,3706.1306,3704.8083,3706.1306,0
1401200939,3706.5649,3706.5903,3705.9832,3705.9832,0
1401200999,3707.5376,3707.6917,3706.5752,3706.5876,0
1401201059,3707.3889,3707.8208,3707.0752,3707.7080,0
1401201119,3707.1748,3707.6023,3707.0640,3707.3889,0
1401201179,3707.1118,3707.3091,3706.9587,3707.1558,0
1401201239,3707.7839,3707.7881,3707.0842,3707.1079,0
1401201299,3707.2795,3708.0303,3707.2795,3707.8608,0
1401201359,3707.3159,3707.6116,3707.1045,3707.2710,0
1401201419,3706.9158,3707.3975,3706.8662,3707.3206,0
1401201479,3706.0657,3706.9055,3706.0657,3706.9055,0
1401201539,3704.5439,3705.9258,3704.5439,3705.9258,0
1401201599,3704.4958,3704.5745,3704.2004,3704.5745,0
1401201659,3704.0234,3704.5210,3703.6587,3704.4958,0
1401201719,3704.7556,3704.7590,3703.9585,3703.9585,0
1401201779,3704.4407,3705.1980,3703.7368,3704.7288,0
1401201839,3704.9167,3705.1079,3704.1416,3704.4358,0
1401201899,3704.4583,3704.8811,3703.8145,3704.8811,0
1401201959,3705.0254,3706.3318,3704.4729,3704.4729,0
1401202019,3703.6094,3704.9805,3703.4495,3704.9690,0
1401202079,3704.0762,3704.3181,3703.5977,3703.5977,0
1401202139,3705.9468,3705.9468,3704.0933,3704.0933,0
1401202199,3706.7822,3706.9363,3705.9590,3705.9646,0
1401202259,3706.8059,3707.4700,3706.7864,3706.7864,0
1401202319,3706.1619,3706.8633,3706.1619,3706.8103,0
1401202379,3705.8318,3706.6790,3705.7627,3706.1582,0
1401202439,3706.4353,3706.4353,3705.4446,3705.8044,0
1401202499,3706.6294,3706.6460,3706.3232,3706.4431,0
1401202559,3706.6006,3706.6528,3706.3186,3706.6528,0
1401202619,3707.0654,3707.1106,3706.5217,3706.5908,0
1401202679,3707.3359,3707.3359,3706.9568,3707.0420,0
1401202739,3706.3174,3707.3259,3706.2090,3707.3259,0
1401202799,3706.5913,3707.2549,3706.3088,3706.3364,0
1401202859,3707.3579,3707.3579,3706.4890,3706.5410,0
1401202919,3707.3625,3707.4302,3706.7971,3707.3872,0
1401202979,3707.9043,3707.9756,3707.3027,3707.3826,0
1401203039,3708.0259,3708.1091,3707.6951,3707.8933,0
1401203099,3707.9854,3708.1516,3707.8826,3708.0376,0
1401203159,3708.2732,3708.2732,3707.8943,3708.0249,0
1401203219,3709.2119,3709.2119,3708.2698,3708.2698,0
1401203279,3709.7190,3709.8384,3709.0916,3709.1245,0
1401203339,3709.2952,3710.1096,3709.2952,3709.7456,0
1401203399,3710.4099,3710.4353,3709.2412,3709.2844,0
1401203459,3709.9285,3710.4343,3709.6738,3710.4343,0
1401203519,3709.5317,3710.0110,3709.5295,3709.9475,0
1401203579,3710.1082,3710.1082,3709.5520,3709.5520,0
1401203639,3709.8479,3710.2136,3709.7278,3710.1035,0
1401203699,3709.3047,3709.8428,3709.1731,3709.8428,0
1401203759,3709.1755,3709.5305,3709.1626,3709.2886,0
1401203819,3708.8098,3709.1533,3708.5762,3709.1533,0
1401203879,3707.7146,3708.9636,3707.6484,3708.8193,0
1401203939,3707.2773,3707.7188,3707.0750,3707.7188,0
1401203999,3706.2744,3707.3000,3706.1096,3707.2837,0
1401204059,3704.7952,3706.2515,3704.7952,3706.2515,0
1401204119,3704.8108,3704.8687,3704.5962,3704.8215,0
1401204179,3704.0374,3704.8735,3704.0374,3704.8113,0
1401204239,3704.8191,3704.8247,3703.9707,3703.9707,0
1401204299,3705.6851,3705.7659,3704.8296,3704.8296,0
1401204359,3705.8069,3705.8479,3705.4844,3705.7083,0
1401204419,3704.8262,3705.8596,3704.4968,3705.8140,0
1401204479,3704.6150,3705.3518,3704.6013,3704.8784,0
1401204539,3704.1831,3704.6130,3703.7903,3704.6130,0
1401204599,3703.3523,3704.1587,3703.3503,3704.1587,0
1401204659,3705.0879,3705.1721,3703.4468,3703.4468,0
1401204719,3704.9297,3705.1196,3704.9297,3705.0791,0
1401204779,3705.1658,3705.4197,3704.9255,3704.9297,0
1401204839,3706.3000,3706.3000,3705.1738,3705.1802,0
1401204899,3705.1545,3706.3381,3705.1545,3706.3203,0
1401204959,3704.5039,3705.3030,3704.5037,3705.1921,0
1401205019,3704.8540,3704.9385,3704.4658,3704.5864,0
1401205079,3705.4673,3705.4673,3704.8811,3704.8811,0
1401205139,3705.8472,3705.8472,3705.3542,3705.4661,0
1401205199,3706.4697,3706.5522,3705.8062,3705.8711,0
1401205259,3706.5088,3706.6941,3706.3787,3706.4932,0
1401205319,3705.7161,3706.6548,3705.7161,3706.4995,0
1401205379,3705.2200,3706.0425,3705.2200,3705.7375,0
1401205439,3705.3928,3705.4060,3705.1770,3705.2217,0
1401205499,3704.7781,3705.5547,3704.6226,3705.3862,0
1401205559,3705.0376,3705.3066,3704.8452,3704.8452,0
1401205619,3704.1326,3705.0569,3703.8953,3705.0376,0
1401205679,3705.5710,3705.6550,3704.1709,3704.1709,0
1401205739,3705.0532,3705.5962,3704.9229,3705.5801,0
1401205799,3705.9539,3705.9539,3705.0361,3705.0532,0
1401205859,3705.0254,3706.1265,3705.0244,3706.0388,0
1401205919,3705.0046,3705.1030,3704.8777,3705.0254,0
1401205975,3704.7495,3705.1096,3704.5251,3705.0049,0
1401206039,3704.4500,3704.7939,3703.8518,3704.7771,0
1401206099,3704.8853,3704.8853,3704.4490,3704.4514,0
1401206159,3705.3330,3705.3330,3704.8765,3704.8765,0
1401206219,3704.7012,3705.3137,3704.5845,3705.3086,0
1401206279,3705.2825,3705.2859,3704.7483,3704.7483,0
1401206339,3705.1257,3705.5691,3705.0811,3705.2864,0
1401206399,3704.8748,3705.2344,3704.8496,3705.1042,0
1401206459,3704.5396,3704.9492,3704.4009,3704.9338,0
1401206519,3703.7869,3704.8596,3703.7822,3704.5251,0
1401206579,3703.1377,3703.8228,3703.1169,3703.7749,0
1401206639,3704.5156,3704.6094,3703.1377,3703.1377,0
1401206699,3704.7124,3704.7332,3704.2786,3704.4824,0
1401206759,3705.0671,3705.0774,3704.7190,3704.7212,0
1401206819,3705.2671,3705.3767,3705.0901,3705.0901,0
1401206879,3706.0364,3706.1089,3705.2012,3705.2532,0
1401206939,3707.0359,3707.0813,3706.0544,3706.0544,0
1401206999,3708.2014,3708.2014,3707.0212,3707.0359,0
1401207059,3708.1812,3708.1982,3707.3933,3708.1807,0
1401207119,3708.0845,3708.3000,3707.3374,3708.1873,0
1401207179,3708.7070,3708.7095,3707.9976,3708.0845,0
1401207239,3707.9065,3708.7661,3707.9065,3708.7571,0
1401207299,3707.6936,3707.8977,3707.4666,3707.8921,0
1401207359,3706.7136,3707.8584,3706.7136,3707.6936,0
1401207419,3706.9790,3707.0867,3706.6770,3706.6985,0
1401207479,3707.3752,3707.3816,3706.9514,3706.9780,0
1401207539,3707.1809,3707.3718,3706.9783,3707.3665,0
1401207599,3706.2998,3707.2092,3706.1714,3707.1870,0
1401207659,3706.3511,3706.6768,3706.2498,3706.2998,0
1401207719,3706.2627,3706.3813,3706.1838,3706.3511,0
1401207779,3705.9377,3706.2744,3705.8276,3706.2610,0
1401207839,3705.2009,3705.9675,3705.1829,3705.9548,0
1401207899,3704.4812,3705.2275,3704.4812,3705.1846,0
1401207959,3704.2239,3704.4785,3704.1929,3704.4785,0
1401208019,3703.6768,3704.2100,3703.6746,3704.2100,0
1401208079,3702.2488,3703.6902,3702.2227,3703.6902,0
1401208139,3703.0757,3703.1089,3702.1565,3702.1858,0
1401208199,3703.1541,3703.2434,3702.8796,3703.1226,0
1401208259,3703.7793,3703.7917,3703.0027,3703.1272,0
1401208319,3703.4138,3703.9519,3703.3469,3703.6687,0
1401208379,3703.6121,3703.6121,3703.2812,3703.3970,0
1401208439,3704.1553,3704.1553,3703.6060,3703.6060,0
1401208499,3704.3901,3704.4668,3703.7095,3704.1987,0
1401208554,3704.5549,3704.5798,3704.4287,3704.4355,0
1401208619,3705.2627,3705.2976,3704.5547,3704.5557,0
1401208679,3704.6145,3705.3669,3704.3281,3705.2700,0
1401208739,3704.5627,3704.6470,3704.4980,3704.6155,0
1401208799,3705.4526,3705.4548,3704.5593,3704.5693,0
1401208856,3704.9512,3705.6851,3704.9377,3705.4080,0
1401208919,3704.4761,3704.9282,3704.4761,3704.8928,0
1401208979,3704.4509,3704.5520,3704.4475,3704.5161,0
1401209039,3704.6885,3704.6970,3704.2820,3704.4795,0
1401209099,3705.4543,3705.4543,3704.6670,3704.6885,0
1401209159,3705.6121,3705.6284,3705.4714,3705.4714,0
1401209219,3705.7495,3705.7861,3705.5422,3705.6152,0
1401209279,3706.3267,3706.3311,3705.7236,3705.7563,0
1401209339,3706.7910,3706.9102,3706.3416,3706.3416,0
1401209399,3706.7302,3706.9412,3706.6724,3706.7898,0
1401209459,3705.7896,3706.8447,3705.7590,3706.6750,0
1401209519,3706.4092,3706.4092,3705.7520,3705.7939,0
1401209579,3706.9551,3707.0947,3706.4165,3706.4250,0
1401209639,3706.9919,3707.1450,3706.9309,3707.0359,0
1401209699,3705.8328,3707.1340,3705.8328,3706.9668,0
1401209759,3706.6904,3706.6904,3705.8096,3705.8110,0
1401209819,3706.6045,3706.7141,3706.2520,3706.6262,0
1401209879,3707.1548,3707.1548,3706.6387,3706.7031,0
1401209939,3706.9719,3707.2739,3706.9719,3707.1626,0
1401209999,3706.5596,3706.9343,3706.4910,3706.9265,0
1401210059,3705.9629,3706.7126,3705.8335,3706.6172,0
1401210119,3705.5710,3705.9395,3705.5710,3705.9226,0
1401210179,3705.2351,3705.5696,3705.1633,3705.5696,0
1401210239,3705.1580,3705.3523,3704.9163,3705.2683,0
1401210299,3705.7073,3705.7673,3705.1973,3705.1973,0
1401210359,3705.0522,3705.7922,3704.8943,3705.7405,0
1401210419,3706.1938,3706.2080,3705.0054,3705.0513,0
1401210479,3706.3596,3706.3672,3706.1221,3706.1699,0
1401210539,3707.7515,3707.7766,3706.3438,3706.3596,0
1401210599,3707.6809,3708.1011,3707.6404,3707.7715,0
1401210659,3706.7957,3707.7654,3706.7864,3707.6838,0
1401210719,3706.5095,3707.1348,3706.4160,3706.7764,0
1401210779,3706.7729,3706.9612,3706.5361,3706.5361,0
1401210839,3706.6575,3706.7729,3706.6096,3706.7729,0
1401210899,3706.8767,3706.9600,3706.6477,3706.6528,0
1401210959,3707.2588,3707.4336,3706.8376,3706.8376,0
1401211019,3707.9480,3707.9514,3707.2173,3707.2437,0
1401211079,3707.7913,3708.0095,3707.7913,3707.9570,0
1401211139,3708.0525,3708.1646,3707.8171,3707.8171,0
1401211199,3707.2715,3708.1316,3707.1003,3708.0574,0
1401211259,3707.5129,3707.5515,3707.1670,3707.2712,0
1401211319,3706.5532,3707.5259,3706.4985,3707.5112,0
1401211379,3705.7466,3706.6243,3705.5991,3706.6128,0
1401211439,3705.5535,3705.8193,3705.5413,3705.5693,0
1401211499,3705.5559,3705.6028,3705.1406,3705.5452,0
1401211559,3705.0461,3705.6362,3704.9785,3705.5647,0
1401211619,3705.4170,3705.4170,3704.8428,3705.0435,0
1401211679,3706.1489,3706.1602,3705.4441,3705.4456,0
1401211739,3705.5344,3706.3713,3705.5344,3706.1179,0
1401211799,3705.4104,3705.5811,3705.2637,3705.5344,0
1401211859,3705.2656,3705.5408,3705.2656,3705.4060,0
1401211919,3704.4277,3705.2542,3704.3606,3705.1948,0
1401211979,3704.0823,3704.5198,3703.9329,3704.4407,0
1401212039,3703.5413,3704.0808,3703.3953,3704.0688,0
1401212099,3703.9290,3704.0100,3703.6013,3703.6013,0
1401212159,3703.1111,3703.9094,3703.1013,3703.8862,0
1401212219,3703.1753,3703.1770,3702.8530,3703.1047,0
1401212279,3704.0615,3704.0615,3703.1255,3703.1692,0
1401212339,3703.6755,3704.5376,3703.6755,3704.1167,0
1401212399,3704.3994,3704.4006,3703.6719,3703.6719,0
1401212459,3703.5876,3704.4053,3703.5125,3704.3982,0
1401212519,3703.9661,3704.0151,3703.6570,3703.6602,0
1401212579,3704.3640,3705.0339,3703.9731,3703.9731,0
1401212639,3704.8225,3704.8225,3704.1580,3704.3640,0
1401212699,3705.4905,3705.5344,3704.7949,3704.7949,0
1401212759,3706.8364,3706.8853,3705.4521,3705.4546,0
1401212819,3706.8135,3707.1108,3706.6780,3706.8467,0
1401212879,3707.2947,3707.3831,3706.8167,3706.8213,0
1401212939,3707.3037,3707.3433,3707.1431,3707.2778,0
1401212999,3707.3503,3707.3564,3707.2065,3707.3037,0
1401213059,3707.2739,3707.4048,3707.0820,3707.3477,0
1401213119,3707.4507,3707.4695,3707.2463,3707.2739,0
1401213179,3707.5889,3707.5889,3707.4246,3707.4712,0
1401213239,3708.7473,3708.7473,3707.5718,3707.5825,0
1401213299,3708.9651,3709.0500,3708.7158,3708.7356,0
1401213359,3709.4963,3709.5386,3708.9463,3708.9463,0
1401213419,3709.7119,3709.8647,3709.5054,3709.5264,0
1401213479,3708.9429,3709.6582,3708.9429,3709.6582,0
1401213539,3708.7842,3708.9480,3708.6956,3708.9292,0
1401213599,3709.3879,3709.5398,3708.7336,3708.7842,0
1401213659,3709.5676,3709.6006,3709.3643,3709.5479,0
1401213719,3709.7146,3709.7314,3709.4990,3709.5522,0
1401213779,3709.3711,3709.7368,3709.3535,3709.6956,0
1401213839,3709.4150,3709.4629,3709.3140,3709.3894,0
1401213899,3708.8757,3709.3503,3708.8630,3709.3503,0
1401213959,3709.0435,3709.0435,3708.7136,3708.8875,0
1401214019,3709.2141,3709.2163,3708.9814,3709.0222,0
1401214079,3709.3872,3709.3918,3709.2134,3709.2134,0
1401214139,3709.6233,3709.8035,3709.3569,3709.4009,0
1401214199,3710.3679,3710.3909,3709.6228,3709.6228,0
1401214259,3710.8276,3710.8276,3710.2314,3710.3564,0
1401214319,3709.5012,3710.8279,3709.5012,3710.8279,0
1401214379,3709.5093,3709.6931,3709.4302,3709.4919,0
1401214439,3709.7703,3709.8528,3709.4583,3709.4878,0
1401214499,3710.0408,3710.1133,3709.7139,3709.7522,0
1401214559,3710.3223,3710.3430,3709.9358,3710.0413,0
1401214619,3710.1614,3710.3899,3710.0190,3710.3210,0
1401214679,3710.2056,3710.3335,3710.0190,3710.2332,0
1401214739,3710.4092,3710.4092,3710.1050,3710.2075,0
1401214799,3710.7324,3710.7324,3710.2288,3710.5186,0
1401214859,3710.7595,3710.9438,3710.6902,3710.7385,0
1401214919,3711.7561,3711.7561,3710.7544,3710.7544,0
1401214979,3712.0488,3712.1731,3711.7783,3711.7783,0
1401215039,3711.4270,3712.1980,3711.4270,3712.0295,0
1401215099,3711.1011,3711.4307,3711.1011,3711.4290,0
1401215159,3711.2297,3711.3662,3711.0847,3711.1011,0
1401215219,3711.4126,3711.4307,3711.1746,3711.2061,0
1401215279,3711.6765,3711.8101,3711.3691,3711.4126,0
1401215339,3711.6809,3711.8716,3711.6763,3711.6934,0
1401215399,3711.1257,3711.7178,3711.1257,3711.6765,0
1401215459,3710.2510,3711.2129,3710.2510,3711.1616,0
1401215519,3709.1497,3710.2332,3709.0889,3710.2332,0
1401215579,3708.5813,3709.0769,3708.4993,3709.0769,0
1401215639,3709.2546,3709.4221,3708.5493,3708.5813,0
1401215699,3709.0513,3709.1743,3708.8445,3709.1101,0
1401215759,3708.3547,3709.3455,3708.3547,3709.0969,0
1401215819,3708.6255,3708.6389,3708.3083,3708.3384,0
1401215879,3708.8645,3709.0923,3708.6077,3708.6077,0
1401215939,3709.1812,3709.2017,3708.8530,3708.8606,0
1401215999,3708.6326,3709.1802,3708.6057,3709.1802,0
1401216059,3709.1750,3709.2861,3708.6194,3708.6274,0
1401216119,3708.9524,3709.3882,3708.9409,3709.1770,0
1401216179,3709.2190,3709.2190,3708.9241,3709.0261,0
1401216239,3709.1382,3709.3298,3709.0215,3709.2371,0
1401216299,3709.3647,3709.5498,3709.0798,3709.1577,0
1401216359,3709.2646,3709.4250,3709.2349,3709.3542,0
1401216419,3708.7573,3709.2566,3708.4456,3709.2566,0
1401216479,3708.5854,3708.9036,3708.5854,3708.7974,0
1401216539,3709.3787,3709.3787,3708.5374,3708.5828,0
1401216599,3709.6677,3709.6677,3709.3784,3709.4062,0
1401216659,3710.0078,3710.1060,3709.3262,3709.6724,0
1401216719,3710.8538,3710.8538,3709.9456,3709.9456,0
1401216779,3711.0125,3711.1348,3710.4246,3710.8171,0
1401216839,3710.8779,3711.1724,3710.8779,3711.0957,0
1401216899,3711.4238,3711.4238,3710.3096,3710.8870,0
1401216959,3710.7390,3711.4417,3710.5261,3711.4207,0
1401217019,3710.8823,3710.8955,3710.6042,3710.7522,0
1401217079,3710.5793,3710.9243,3710.5793,3710.8843,0
1401217139,3710.9219,3711.0283,3710.5793,3710.5793,0
1401217199,3710.4717,3711.0056,3710.4663,3710.9038,0
1401217259,3710.6580,3710.6580,3710.4270,3710.4712,0
1401217319,3710.1736,3710.7139,3710.1736,3710.6787,0
1401217379,3710.2336,3710.2722,3710.1177,3710.1697,0
1401217439,3711.1716,3711.2847,3710.1936,3710.2327,0
1401217499,3711.3447,3711.4404,3711.1777,3711.1777,0
1401217559,3710.9321,3711.3699,3710.9321,3711.3474,0
1401217619,3710.9226,3710.9307,3710.6145,3710.9307,0
1401217679,3710.7083,3710.9761,3710.6123,3710.9053,0
1401217739,3711.2915,3711.3508,3710.6907,3710.7004,0
1401217799,3711.5579,3711.5579,3711.0200,3711.2073,0
1401217859,3711.4807,3711.6970,3711.4807,3711.5559,0
1401217919,3711.7966,3711.8601,3711.3618,3711.4570,0
1401217979,3711.9880,3711.9893,3711.7456,3711.8064,0
1401218039,3712.8528,3712.8528,3711.9038,3712.0762,0
1401218099,3713.4976,3713.4976,3712.8594,3712.8845,0
1401218159,3714.0479,3714.1057,3713.4834,3713.5325,0
1401218219,3715.0076,3715.0120,3714.1057,3714.1057,0
1401218279,3714.6458,3715.0271,3714.4688,3714.9460,0
1401218339,3714.5759,3714.8076,3714.5759,3714.6555,0
1401218399,3714.5273,3714.5273,3714.3157,3714.5193,0
1401218459,3714.5186,3714.8328,3714.5186,3714.5303,0
1401218519,3714.7280,3714.7280,3714.4968,3714.4968,0
1401218579,3715.4551,3715.4551,3714.7346,3714.7346,0
1401218639,3714.8801,3715.4175,3714.8323,3715.4175,0
1401218699,3715.5393,3715.5930,3714.8242,3714.8564,0
1401218759,3715.5051,3715.6206,3715.3447,3715.5327,0
1401218819,3715.6108,3715.6648,3715.4502,3715.5376,0
1401218879,3715.5935,3715.6501,3715.4309,3715.6367,0
1401218939,3715.3452,3715.6079,3715.3452,3715.6008,0
1401218999,3715.4246,3715.6572,3715.1858,3715.3455,0
1401219059,3715.3206,3715.4031,3715.1116,3715.3826,0
1401219119,3715.6963,3715.8193,3715.2551,3715.2935,0
1401219179,3714.6572,3715.7051,3714.5920,3715.7051,0
1401219239,3714.1399,3714.6284,3714.0479,3714.6169,0
1401219299,3714.5166,3714.5337,3713.7693,3714.0972,0
1401219359,3714.8132,3714.8259,3714.5569,3714.5569,0
1401219419,3714.6951,3715.1714,3714.6870,3714.8069,0
1401219479,3714.8232,3714.8904,3714.5303,3714.7136,0
1401219539,3714.6064,3714.9565,3714.4072,3714.8484,0
1401219599,3716.5781,3716.5781,3714.7627,3714.7627,0
1401219659,3718.0264,3718.0991,3716.6199,3716.6255,0
1401219719,3717.2502,3718.0996,3717.2053,3718.0178,0
1401219779,3717.3792,3717.6187,3717.2808,3717.2808,0
1401219839,3717.5322,3717.5718,3717.3816,3717.3816,0
1401219899,3718.4473,3718.5916,3717.5439,3717.5439,0
1401219959,3717.7861,3718.3757,3717.7861,3718.3757,0
1401220019,3717.9722,3718.0063,3717.7764,3717.7795,0
1401220079,3718.3589,3718.4683,3718.0352,3718.0708,0
1401220139,3718.4807,3718.4814,3718.0596,3718.3633,0
1401220199,3718.6841,3718.9116,3718.4597,3718.5056,0
1401220259,3720.3044,3720.3071,3718.7395,3718.7395,0
1401220319,3720.4558,3720.5315,3720.2163,3720.4050,0
1401220379,3720.8262,3721.0286,3720.4390,3720.4409,0
1401220439,3720.7920,3721.1057,3720.4802,3720.7847,0
1401220499,3720.6179,3720.8518,3720.4709,3720.7798,0
1401220559,3720.4121,3720.7373,3720.3799,3720.6077,0
1401220619,3720.2710,3720.4387,3720.2109,3720.3684,0
1401220679,3719.6606,3720.2002,3719.4519,3720.2002,0
1401220739,3720.1047,3720.1047,3719.4961,3719.6729,0
1401220775,3720.5659,3720.6211,3720.0615,3720.0615,0
1401220800,3723.0649,3723.0649,3723.0649,3723.0649,0
