uri:/instrument/1.0/^OEX/chartdata;type=quote;range=1d/csv
ticker:^oex
Company-Name:S&P 100 INDEX
Exchange-Name:WCB
unit:MIN
timezone:EDT
currency:USD
gmtoffset:-14400
previous_close:842.5900
Timestamp:1401197400,1401220800
labels:1401199200,1401202800,1401206400,1401210000,1401213600,1401217200,1401220800
values:Timestamp,close,high,low,open,volume
close:844.7500,847.5200
high:844.7500,847.5500
low:844.6400,847.4700
open:844.6400,847.4900
volume:0,0
1401197441,844.7500,844.7500,844.6400,844.6400,0
1401197516,845.7000,845.7000,844.9100,844.9100,0
1401197576,845.7600,845.7800,845.5500,845.6600,0
1401197636,845.7900,845.8600,845.5700,845.7300,0
1401197696,845.9600,845.9600,845.7600,845.7600,0
1401197756,845.8700,845.9600,845.8300,845.9200,0
1401197816,845.4500,845.8200,845.4500,845.8100,0
1401197877,845.3800,845.5200,845.3000,845.3000,0
1401197936,845.2700,845.4200,845.1700,845.4100,0
1401197996,845.1900,845.4000,845.1300,845.3700,0
1401198056,845.6000,845.6600,845.2200,845.2200,0
1401198116,845.7800,845.7900,845.4600,845.5500,0
1401198176,846.0200,846.0800,845.7200,845.7200,0
1401198236,845.8900,846.0600,845.8900,846.0400,0
1401198296,846.0500,846.0500,845.8200,845.8500,0
1401198356,846.0700,846.1600,846.0300,846.0300,0
1401198411,845.8800,845.9600,845.8100,845.9600,0
1401198478,846.0300,846.0300,845.9000,845.9000,0
1401198536,846.0800,846.1300,846.0500,846.0500,0
1401198596,846.1200,846.1400,846.0100,846.1200,0
1401198656,846.1500,846.1700,846.1100,846.1100,0
1401198716,846.1300,846.1700,846.0500,846.1500,0
1401198776,846.1000,846.2300,846.0700,846.0700,0
1401198836,846.0000,846.1800,845.9800,846.1300,0
1401198896,846.0400,846.1200,846.0100,846.0200,0
1401198956,846.0700,846.0700,846.0100,846.0600,0
1401199016,846.2500,846.3300,846.0500,846.0500,0
1401199079,846.2600,846.3300,846.2100,846.2600,0
1401199136,846.0300,846.2600,846.0300,846.2600,0
1401199199,845.8400,846.0400,845.8400,846.0300,0
1401199258,845.8000,845.8000,845.6500,845.6700,0
1401199316,845.8200,845.9400,845.7200,845.8100,0
1401199376,845.8400,845.9000,845.8300,845.8400,0
1401199436,845.6400,845.8400,845.6400,845.8400,0
1401199496,845.5500,845.6400,845.5000,845.6200,0
1401199556,845.6200,845.6500,845.5300,845.5300,0
1401199616,845.9200,845.9200,845.6100,845.6100,0
1401199676,845.9800,845.9800,845.7500,845.9300,0
1401199736,846.0000,846.0200,845.9000,845.9900,0
1401199796,846.0200,846.0200,845.9500,846.0200,0
1401199857,845.8800,846.0300,845.7900,846.0300,0
1401199916,846.0500,846.0800,845.9200,845.9200,0
1401199976,846.0200,846.1200,845.9800,846.0500,0
1401200036,846.2400,846.2400,846.0300,846.0300,0
1401200096,846.1500,846.3000,846.1500,846.2500,0
1401200156,846.1800,846.2300,846.1400,846.2100,0
1401200216,846.4300,846.4300,846.2300,846.2300,0
1401200276,846.4800,846.4900,846.4300,846.4300,0
1401200336,846.6200,846.7000,846.5100,846.5100,0
1401200397,846.6900,846.6900,846.5300,846.6400,0
1401200456,846.7200,846.7200,846.6900,846.7000,0
1401200516,846.7400,846.7900,846.7000,846.7200,0
1401200576,846.8700,846.8700,846.7400,846.7400,0
1401200636,846.9900,847.0200,846.8800,846.8800,0
1401200696,846.7800,846.9600,846.7800,846.9400,0
1401200752,846.7500,846.7900,846.7300,846.7500,0
1401200816,846.7900,846.7900,846.7500,846.7600,0
1401200876,846.6900,846.7900,846.5400,846.7900,0
1401200936,846.7600,846.7600,846.6800,846.6800,0
1401200996,846.9900,847.0100,846.7700,846.7700,0
1401201052,846.9800,847.0300,846.9400,847.0200,0
1401201117,847.0100,847.0300,846.9700,846.9700,0
1401201175,847.0400,847.0400,847.0000,847.0000,0
1401201237,847.0700,847.0700,847.0100,847.0600,0
1401201296,847.0200,847.1000,847.0200,847.0800,0
1401201358,847.0000,847.0500,846.9700,846.9900,0
1401201416,847.0100,847.0100,846.9400,847.0000,0
1401201478,846.8700,846.9700,846.8700,846.9700,0
1401201536,846.6700,846.8000,846.6600,846.8000,0
1401201597,846.6500,846.6600,846.6200,846.6600,0
1401201656,846.4900,846.6600,846.4900,846.6600,0
1401201716,846.6500,846.6500,846.5300,846.5300,0
1401201776,846.5800,846.7400,846.5500,846.6900,0
1401201836,846.6300,846.6300,846.5500,846.6000,0
1401201896,846.5800,846.6300,846.5200,846.6300,0
1401201956,846.7200,846.8200,846.6100,846.6100,0
1401202016,846.6000,846.7400,846.5800,846.6900,0
1401202076,846.6100,846.6300,846.5800,846.6200,0
1401202136,846.8100,846.8100,846.6100,846.6100,0
1401202196,846.8000,846.8600,846.8000,846.8100,0
1401202255,846.7400,846.8400,846.7300,846.7900,0
1401202316,846.6500,846.7300,846.6500,846.7300,0
1401202377,846.5500,846.6900,846.5500,846.6500,0
1401202434,846.6300,846.6300,846.5300,846.5500,0
1401202497,846.6800,846.6800,846.6400,846.6400,0
1401202556,846.7100,846.7100,846.6600,846.6700,0
1401202616,846.8400,846.8600,846.7100,846.7100,0
1401202676,846.8500,846.8600,846.8200,846.8400,0
1401202736,846.7800,846.8600,846.7800,846.8600,0
1401202796,846.8100,846.9100,846.7700,846.7700,0
1401202856,846.9000,846.9200,846.7900,846.7900,0
1401202916,846.9200,846.9300,846.8500,846.9300,0
1401202977,846.9600,846.9700,846.9300,846.9300,0
1401203036,846.9600,846.9600,846.9300,846.9500,0
1401203096,846.9700,846.9900,846.9600,846.9600,0
1401203156,847.0500,847.0500,846.9800,846.9800,0
1401203216,847.1800,847.1800,847.0700,847.0700,0
1401203276,847.1800,847.2000,847.1500,847.1600,0
1401203336,847.1200,847.1900,847.1200,847.1700,0
1401203396,847.1000,847.1000,847.0400,847.0400,0
1401203456,847.0500,847.1000,847.0400,847.1000,0
1401203516,847.0300,847.0500,847.0200,847.0500,0
1401203576,847.0500,847.0600,847.0300,847.0300,0
1401203636,847.0500,847.0600,847.0300,847.0400,0
1401203697,847.0400,847.0600,847.0000,847.0600,0
1401203757,846.9500,847.0500,846.9500,847.0500,0
1401203816,846.8600,846.9300,846.8600,846.9300,0
1401203876,846.8200,846.8800,846.8100,846.8700,0
1401203936,846.8100,846.8500,846.8000,846.8300,0
1401203996,846.6400,846.8200,846.6400,846.8100,0
1401204056,846.4400,846.6300,846.4400,846.6300,0
1401204116,846.4500,846.4500,846.4100,846.4400,0
1401204178,846.3800,846.4700,846.3800,846.4700,0
1401204237,846.4900,846.4900,846.3700,846.3700,0
1401204296,846.5700,846.5900,846.4800,846.4900,0
1401204356,846.5700,846.5700,846.5200,846.5600,0
1401204416,846.2800,846.5500,846.2600,846.5500,0
1401204476,846.2600,846.3400,846.2300,846.3000,0
1401204536,846.2400,846.2700,846.2200,846.2600,0
1401204596,846.1000,846.2400,846.1000,846.2400,0
1401204656,846.3000,846.3200,846.1200,846.1200,0
1401204716,846.3000,846.3100,846.2900,846.2900,0
1401204776,846.3000,846.3400,846.2900,846.2900,0
1401204836,846.4700,846.4700,846.3200,846.3200,0
1401204898,846.3700,846.5000,846.3700,846.5000,0
1401204956,846.3000,846.3800,846.3000,846.3600,0
1401205016,846.3000,846.3300,846.2800,846.3000,0
1401205071,846.4300,846.4300,846.3100,846.3100,0
1401205136,846.5000,846.5000,846.4400,846.4500,0
1401205196,846.5900,846.6100,846.5100,846.5100,0
1401205256,846.5800,846.5900,846.5700,846.5900,0
1401205316,846.5600,846.5900,846.5200,846.5900,0
1401205376,846.4800,846.5500,846.4800,846.4900,0
1401205436,846.4300,846.4700,846.4200,846.4600,0
1401205496,846.3000,846.4600,846.3000,846.4400,0
1401205556,846.2900,846.3600,846.2900,846.3300,0
1401205616,846.0700,846.2800,846.0400,846.2800,0
1401205676,846.2200,846.2200,846.0600,846.0600,0
1401205736,846.1800,846.2200,846.1600,846.2200,0
1401205796,846.3600,846.3600,846.1900,846.1900,0
1401205856,846.3400,846.4100,846.3200,846.3900,0
1401205916,846.3600,846.3600,846.3300,846.3400,0
1401205976,846.3700,846.4000,846.3500,846.3800,0
1401206036,846.2200,846.3800,846.1600,846.3800,0
1401206096,846.2900,846.2900,846.2300,846.2300,0
1401206156,846.3600,846.3600,846.3000,846.3000,0
1401206216,846.2900,846.3700,846.2900,846.3700,0
1401206277,846.3400,846.3400,846.2700,846.2900,0
1401206336,846.3300,846.3700,846.3300,846.3300,0
1401206396,846.3200,846.3700,846.3200,846.3500,0
1401206456,846.2800,846.3200,846.2500,846.3200,0
1401206516,846.2400,846.3200,846.2400,846.2800,0
1401206578,846.0500,846.2400,846.0500,846.2400,0
1401206636,846.1200,846.1300,846.0400,846.0500,0
1401206696,846.0800,846.1200,846.0500,846.1200,0
1401206756,846.1200,846.1200,846.0700,846.0700,0
1401206816,846.0700,846.1300,846.0700,846.1200,0
1401206877,846.1200,846.1200,846.0500,846.0600,0
1401206936,846.2900,846.2900,846.1200,846.1200,0
1401206996,846.3900,846.3900,846.2600,846.2800,0
1401207056,846.4800,846.4800,846.3300,846.4000,0
1401207116,846.4700,846.4900,846.3900,846.4800,0
1401207176,846.5900,846.6000,846.4900,846.4900,0
1401207236,846.5500,846.6000,846.5500,846.5900,0
1401207296,846.5100,846.5600,846.5000,846.5600,0
1401207356,846.3800,846.5200,846.3800,846.5200,0
1401207417,846.3700,846.3800,846.3500,846.3700,0
1401207476,846.3800,846.3900,846.3700,846.3900,0
1401207536,846.3500,846.3900,846.3500,846.3900,0
1401207599,846.2900,846.3700,846.2700,846.3700,0
1401207651,846.3200,846.3600,846.2900,846.2900,0
1401207716,846.3000,846.3300,846.3000,846.3300,0
1401207776,846.2600,846.2900,846.2600,846.2900,0
1401207836,846.1100,846.2600,846.1100,846.2600,0
1401207896,845.9600,846.0600,845.9600,846.0600,0
1401207951,845.9000,845.9400,845.9000,845.9400,0
1401208016,845.7700,845.8700,845.7700,845.8700,0
1401208076,845.5700,845.7600,845.5700,845.7600,0
1401208136,845.6900,845.6900,845.5500,845.5700,0
1401208196,845.6700,845.6900,845.6400,845.6900,0
1401208256,845.7000,845.7000,845.6300,845.6700,0
1401208316,845.6600,845.7300,845.6600,845.6900,0
1401208376,845.6900,845.6900,845.6600,845.6600,0
1401208436,845.7100,845.7100,845.6900,845.6900,0
1401208496,845.8100,845.8100,845.6300,845.7100,0
1401208556,845.8700,845.8700,845.8200,845.8200,0
1401208616,845.9700,845.9700,845.8700,845.8700,0
1401208676,845.9700,845.9900,845.9100,845.9700,0
1401208736,846.0000,846.0100,845.9700,845.9700,0
1401208796,846.0700,846.0700,846.0000,846.0000,0
1401208856,846.0500,846.1500,846.0500,846.0700,0
1401208916,846.0000,846.0400,846.0000,846.0400,0
1401208976,845.9900,846.0000,845.9800,845.9900,0
1401209036,846.0300,846.0300,845.9700,846.0100,0
1401209096,846.1000,846.1000,846.0400,846.0400,0
1401209156,846.1500,846.1500,846.1200,846.1200,0
1401209216,846.1800,846.1900,846.1600,846.1600,0
1401209276,846.2200,846.2200,846.1800,846.1800,0
1401209336,846.2500,846.2600,846.2200,846.2200,0
1401209396,846.2400,846.2700,846.2300,846.2500,0
1401209456,846.1400,846.2500,846.1400,846.2300,0
1401209516,846.1800,846.1900,846.1300,846.1400,0
1401209576,846.1800,846.2200,846.1800,846.1800,0
1401209636,846.1000,846.1700,846.1000,846.1700,0
1401209696,845.9600,846.1400,845.9600,846.1200,0
1401209756,846.0000,846.0000,845.8900,845.8900,0
1401209818,845.9500,846.0200,845.9400,846.0100,0
1401209876,846.0600,846.0600,845.9500,845.9600,0
1401209937,846.0500,846.0700,846.0500,846.0700,0
1401209996,846.0300,846.0600,846.0200,846.0400,0
1401210056,845.9400,846.0400,845.9400,846.0400,0
1401210116,845.8700,845.9400,845.8700,845.9400,0
1401210176,845.8300,845.8700,845.8300,845.8700,0
1401210236,845.8300,845.8400,845.8100,845.8400,0
1401210296,845.9200,845.9200,845.8400,845.8400,0
1401210356,845.8200,845.9400,845.8200,845.9200,0
1401210416,845.9400,845.9500,845.8100,845.8200,0
1401210476,845.9600,845.9800,845.9500,845.9500,0
1401210536,846.1000,846.1000,845.9500,845.9500,0
1401210596,846.1100,846.1800,846.1100,846.1100,0
1401210656,846.0000,846.1200,846.0000,846.1100,0
1401210716,845.9200,846.0300,845.9200,845.9800,0
1401210776,845.9500,845.9600,845.9300,845.9300,0
1401210836,845.9500,845.9600,845.9200,845.9400,0
1401210896,846.0000,846.0000,845.9600,845.9600,0
1401210956,846.0900,846.1100,845.9900,845.9900,0
1401211016,846.2100,846.2100,846.0900,846.0900,0
1401211076,846.2400,846.2400,846.2100,846.2300,0
1401211136,846.2900,846.3000,846.2400,846.2400,0
1401211196,846.2400,846.3200,846.2200,846.2900,0
1401211256,846.3000,846.3000,846.2400,846.2500,0
1401211316,846.1800,846.2900,846.1800,846.2900,0
1401211376,846.0900,846.1800,846.0800,846.1800,0
1401211436,846.0700,846.0900,846.0600,846.0700,0
1401211496,846.0500,846.0800,846.0200,846.0700,0
1401211556,846.0100,846.0700,845.9900,846.0600,0
1401211616,846.0100,846.0200,845.9400,846.0200,0
1401211676,846.1000,846.1000,846.0300,846.0300,0
1401211736,846.0500,846.1200,846.0500,846.0900,0
1401211796,846.0300,846.0500,846.0200,846.0500,0
1401211856,845.9800,846.0500,845.9800,846.0200,0
1401211916,845.7600,845.9400,845.7600,845.9400,0
1401211976,845.7000,845.7700,845.6900,845.7700,0
1401212036,845.7300,845.7400,845.7200,845.7400,0
1401212096,845.7800,845.7900,845.7300,845.7300,0
1401212156,845.5700,845.7700,845.5700,845.7700,0
1401212216,845.5700,845.6000,845.5300,845.5600,0
1401212276,845.7400,845.7400,845.5600,845.5600,0
1401212336,845.7500,845.8700,845.7500,845.7700,0
1401212396,845.7900,845.8000,845.7300,845.7300,0
1401212456,845.6200,845.7900,845.6200,845.7900,0
1401212516,845.6100,845.6300,845.6000,845.6200,0
1401212576,845.7300,845.8000,845.6000,845.6100,0
1401212636,845.8200,845.8200,845.7100,845.7300,0
1401212696,845.9100,845.9100,845.8200,845.8200,0
1401212756,846.1900,846.2000,845.9200,845.9200,0
1401212816,846.1000,846.1800,846.0900,846.1700,0
1401212876,846.1300,846.1300,846.0800,846.0900,0
1401212936,846.0500,846.1200,846.0500,846.1200,0
1401212996,846.0400,846.0600,846.0300,846.0600,0
1401213056,846.0300,846.0500,846.0100,846.0500,0
1401213116,846.0400,846.0400,846.0200,846.0300,0
1401213176,846.0600,846.0600,846.0300,846.0400,0
1401213236,846.2600,846.2600,846.0700,846.0700,0
1401213297,846.2900,846.3000,846.2500,846.2600,0
1401213356,846.3800,846.3900,846.2900,846.2900,0
1401213416,846.3700,846.4200,846.3700,846.3800,0
1401213476,846.2300,846.3600,846.2300,846.3600,0
1401213536,846.2000,846.2300,846.1900,846.2300,0
1401213596,846.2800,846.2800,846.2000,846.2000,0
1401213656,846.2900,846.2900,846.2600,846.2800,0
1401213716,846.3100,846.3100,846.2800,846.2900,0
1401213776,846.2400,846.3000,846.2300,846.3000,0
1401213836,846.2300,846.2500,846.2200,846.2400,0
1401213896,846.1400,846.2300,846.1400,846.2300,0
1401213956,846.1800,846.1800,846.1400,846.1500,0
1401214016,846.1700,846.1800,846.1400,846.1800,0
1401214076,846.1900,846.1900,846.1700,846.1700,0
1401214136,846.1800,846.2200,846.1800,846.2000,0
1401214199,846.2400,846.2500,846.1900,846.1900,0
1401214256,846.3300,846.3300,846.2300,846.2400,0
1401214316,846.1400,846.3400,846.1400,846.3400,0
1401214376,846.1200,846.1400,846.1200,846.1300,0
1401214436,846.2100,846.2100,846.1200,846.1200,0
1401214496,846.2700,846.2700,846.2000,846.2100,0
1401214556,846.3000,846.3000,846.2600,846.2700,0
1401214617,846.3000,846.3700,846.3000,846.3000,0
1401214676,846.3100,846.3400,846.3100,846.3200,0
1401214736,846.3500,846.3500,846.3100,846.3100,0
1401214796,846.4600,846.4600,846.3800,846.3800,0
1401214856,846.4400,846.4700,846.4200,846.4600,0
1401214916,846.5400,846.5400,846.4400,846.4400,0
1401214976,846.6200,846.6300,846.5500,846.5500,0
1401215036,846.5800,846.6400,846.5800,846.6200,0
1401215096,846.6300,846.6500,846.5900,846.5900,0
1401215156,846.6300,846.6600,846.6300,846.6300,0
1401215217,846.6100,846.6300,846.6100,846.6200,0
1401215276,846.6100,846.6500,846.6100,846.6100,0
1401215336,846.6300,846.6300,846.6000,846.6100,0
1401215396,846.6400,846.6400,846.6100,846.6100,0
1401215456,846.5500,846.6600,846.5500,846.6600,0
1401215516,846.3800,846.5500,846.3800,846.5500,0
1401215576,846.2100,846.3500,846.2100,846.3500,0
1401215636,846.2800,846.2800,846.2200,846.2200,0
1401215696,846.2500,846.2600,846.2200,846.2500,0
1401215756,846.1900,846.3100,846.1900,846.2500,0
1401215816,846.2000,846.2000,846.1700,846.1900,0
1401215876,846.2100,846.2500,846.2100,846.2100,0
1401215936,846.2200,846.2200,846.2000,846.2100,0
1401215996,846.1400,846.2000,846.1400,846.2000,0
1401216056,846.2300,846.2300,846.1200,846.1300,0
1401216116,846.2300,846.2700,846.2100,846.2200,0
1401216176,846.2400,846.2400,846.2200,846.2300,0
1401216236,846.2200,846.2600,846.2200,846.2600,0
1401216296,846.3000,846.3000,846.2200,846.2400,0
1401216356,846.2800,846.3000,846.2700,846.3000,0
1401216416,846.2100,846.2800,846.1900,846.2800,0
1401216476,846.2000,846.2300,846.2000,846.2200,0
1401216536,846.2900,846.2900,846.1800,846.1900,0
1401216596,846.2900,846.3100,846.2800,846.3000,0
1401216656,846.3200,846.3200,846.2800,846.3000,0
1401216717,846.4900,846.5100,846.3700,846.3700,0
1401216776,846.4800,846.4900,846.4200,846.4900,0
1401216836,846.4400,846.5000,846.4400,846.5000,0
1401216896,846.4800,846.4800,846.3300,846.4200,0
1401216957,846.4500,846.5200,846.4300,846.5200,0
1401217016,846.4700,846.4700,846.4400,846.4500,0
1401217076,846.4500,846.4800,846.4500,846.4700,0
1401217136,846.5300,846.5300,846.4500,846.4600,0
1401217196,846.4600,846.5300,846.4600,846.5200,0
1401217256,846.5500,846.5500,846.4600,846.4600,0
1401217316,846.5300,846.5800,846.5300,846.5700,0
1401217376,846.5200,846.5200,846.5100,846.5100,0
1401217436,846.7200,846.7200,846.5200,846.5200,0
1401217496,846.7300,846.7400,846.7200,846.7200,0
1401217556,846.7000,846.7300,846.7000,846.7300,0
1401217616,846.6400,846.7000,846.6200,846.7000,0
1401217676,846.6400,846.6500,846.6300,846.6500,0
1401217736,846.7400,846.7400,846.6400,846.6400,0
1401217796,846.7600,846.7700,846.7300,846.7400,0
1401217856,846.7500,846.7700,846.7500,846.7700,0
1401217916,846.7600,846.7600,846.7000,846.7200,0
1401217976,846.7600,846.7700,846.7500,846.7700,0
1401218036,846.9100,846.9100,846.7600,846.7700,0
1401218096,847.0300,847.0400,846.9600,846.9600,0
1401218156,847.1500,847.1600,847.0600,847.0600,0
1401218216,847.2200,847.2200,847.1400,847.1400,0
1401218276,847.1800,847.2100,847.1500,847.2100,0
1401218336,847.1700,847.1900,847.1600,847.1800,0
1401218396,847.0900,847.1400,847.0800,847.1400,0
1401218456,847.1100,847.1200,847.0900,847.1100,0
1401218516,847.0900,847.1200,847.0800,847.1100,0
1401218576,847.2100,847.2100,847.1100,847.1100,0
1401218636,847.1000,847.2200,847.1000,847.2200,0
1401218696,847.2000,847.2000,847.0900,847.0900,0
1401218756,847.2000,847.2000,847.1800,847.1900,0
1401218816,847.1700,847.2000,847.1700,847.2000,0
1401218876,847.1800,847.1800,847.1500,847.1700,0
1401218936,847.1600,847.2000,847.1600,847.1900,0
1401218996,847.0600,847.1600,847.0500,847.1500,0
1401219056,847.0200,847.0300,847.0100,847.0300,0
1401219116,847.0800,847.0800,847.0200,847.0200,0
1401219176,846.8600,847.0700,846.8600,847.0700,0
1401219236,846.7500,846.8600,846.7400,846.8500,0
1401219296,846.9300,846.9300,846.7000,846.7400,0
1401219356,847.0000,847.0100,846.9400,846.9400,0
1401219417,846.9200,847.0100,846.9200,846.9900,0
1401219476,846.9200,846.9400,846.8900,846.9200,0
1401219536,846.8600,846.9500,846.8600,846.9300,0
1401219596,847.1000,847.1000,846.8800,846.8800,0
1401219656,847.4800,847.4800,847.1200,847.1200,0
1401219716,847.3700,847.4900,847.3700,847.4900,0
1401219776,847.4700,847.4800,847.3700,847.3700,0
1401219836,847.4600,847.4800,847.4600,847.4800,0
1401219896,847.5200,847.5500,847.4700,847.4700,0
1401219956,847.3700,847.4500,847.3600,847.4500,0
1401220016,847.3600,847.3700,847.3400,847.3500,0
1401220076,847.4200,847.4300,847.3600,847.3700,0
1401220136,847.4500,847.4500,847.3800,847.4200,0
1401220196,847.3900,847.4700,847.3900,847.4500,0
1401220256,847.4400,847.4800,847.4400,847.4800,0
1401220316,847.4400,847.4600,847.4400,847.4600,0
1401220376,847.4700,847.4700,847.4400,847.4400,0
1401220436,847.3100,847.4600,847.3100,847.4600,0
1401220496,847.3000,847.3200,847.2800,847.3200,0
1401220556,847.2000,847.3000,847.2000,847.2900,0
1401220616,847.1100,847.1900,847.1100,847.1900,0
1401220676,847.0000,847.1000,846.9500,847.1000,0
1401220736,847.0700,847.0800,846.9800,847.0200,0
1401220796,847.3600,847.3600,847.1000,847.1000,0
1401220800,847.3800,847.3800,847.3800,847.3800,0
