uri:/instrument/1.0/^SOX/chartdata;type=quote;range=10d/csv
ticker:^sox
Company-Name:PHLX Semiconductor
Exchange-Name:NIM
unit:MIN
timezone:EDT
currency:USD
gmtoffset:-14400
previous_close:588.4330
range:20140423,1398259800,1398283200
range:20140424,1398346200,1398369600
range:20140425,1398432600,1398456000
range:20140428,1398691800,1398715200
range:20140429,1398778200,1398801600
range:20140430,1398864600,1398888000
range:20140501,1398951000,1398974400
range:20140502,1399037400,1399060800
range:20140505,1399296600,1399320000
range:20140506,1399383000,1399406400
Timestamp:1398259800,1399406400
labels:1398259800,1398346200,1398432600,1398691800,1398778200,1398864600,1398951000,1399037400,1399296600,1399383000
values:Timestamp,close,high,low,open,volume
close:561.0962,593.2648
high:562.0911,593.3904
low:560.7261,592.9252
open:561.1035,593.2834
volume:0,0
1398260099,589.9177,590.0030,589.0386,589.3006,0
1398260399,589.6124,589.9931,589.0742,589.9257,0
1398260699,590.8572,590.9488,589.4866,589.6400,0
1398260999,589.3026,590.6399,588.9035,590.6399,0
1398261299,588.8789,589.6588,588.8174,589.2764,0
1398261599,589.4272,589.7352,588.8665,588.8789,0
1398261899,587.4933,589.4360,587.4933,589.4360,0
1398262199,587.1360,587.4749,587.0251,587.4749,0
1398262499,587.6369,588.1721,587.1360,587.1360,0
1398262799,588.2831,588.3100,587.4842,587.6271,0
1398263099,589.3813,589.4322,588.2789,588.2789,0
1398263399,589.5291,589.8843,589.1984,589.3796,0
1398263699,588.4477,589.5571,588.4477,589.5406,0
1398263999,588.7346,588.8617,588.4477,588.4477,0
1398264299,589.5775,589.7255,588.7221,588.7307,0
1398264592,589.1147,589.6443,589.1048,589.5905,0
1398264899,589.1299,589.2556,588.9227,589.1675,0
1398265199,588.5399,589.2435,588.4860,589.1299,0
1398265499,587.9672,588.5369,587.9672,588.5369,0
1398265799,587.8951,588.0740,587.7312,587.9518,0
1398266099,587.0267,588.0058,587.0063,587.9348,0
1398266399,587.3347,587.4668,587.0298,587.0298,0
1398266699,587.0195,587.4532,586.9484,587.3297,0
1398266999,587.6517,587.7584,587.0224,587.0224,0
1398267299,588.1918,588.3756,587.6482,587.6656,0
1398267599,588.2750,588.3666,588.1802,588.1918,0
1398267899,588.5244,588.7288,588.0826,588.2780,0
1398268199,589.0520,589.0741,588.3086,588.5203,0
1398268499,589.5413,589.5413,588.9886,589.0520,0
1398268799,589.6127,589.7477,589.4532,589.5464,0
1398269099,589.6682,589.7058,589.5212,589.6089,0
1398269399,588.9818,589.7344,588.9818,589.6760,0
1398269699,588.7838,589.1000,588.7794,588.9774,0
1398269999,588.6650,588.7975,588.6288,588.7847,0
1398270299,588.6923,588.8168,588.6035,588.6670,0
1398270599,588.6567,588.6947,588.2221,588.6947,0
1398270894,588.5645,588.7161,588.4854,588.6656,0
1398271196,588.3423,588.6073,588.3423,588.5543,0
1398271499,588.3653,588.6236,588.2748,588.3393,0
1398271799,588.4402,588.6375,588.3455,588.3690,0
1398272099,588.1508,588.4485,588.0607,588.4354,0
1398272399,588.4436,588.6520,588.1384,588.1689,0
1398272699,588.8951,588.8951,588.3889,588.4351,0
1398272999,588.3813,588.9382,588.3439,588.9110,0
1398273299,588.1896,588.4536,588.1896,588.3773,0
1398273599,588.4412,588.4412,587.8364,588.1986,0
1398273899,588.4724,588.5204,588.3395,588.4517,0
1398274199,588.7439,588.9302,588.4664,588.4724,0
1398274499,588.7097,588.7694,588.5720,588.7439,0
1398274799,588.0240,588.7093,588.0126,588.7064,0
1398275099,588.4419,588.5204,587.9715,588.0240,0
1398275399,588.1681,588.5601,588.0737,588.4419,0
1398275699,588.5777,588.7076,588.1639,588.1778,0
1398275999,588.4886,588.6345,588.3650,588.5818,0
1398276299,588.2200,588.4919,588.0308,588.4886,0
1398276599,588.6046,588.6144,588.1336,588.2200,0
1398276899,588.1010,588.6354,588.0824,588.6012,0
1398277199,587.5619,588.0899,587.5619,588.0899,0
1398277499,587.4966,587.5770,587.4350,587.5566,0
1398277799,588.1221,588.1992,587.4966,587.4966,0
1398278099,588.0059,588.1761,587.8867,588.1190,0
1398278399,587.8606,588.0278,587.7461,588.0059,0
1398278699,587.4913,587.9685,587.4255,587.8740,0
1398278999,587.8327,587.8624,587.5037,587.5038,0
1398279299,588.4515,588.5637,587.8366,587.8366,0
1398279599,588.4737,588.7087,588.3947,588.4506,0
1398279899,588.2730,588.5472,588.2422,588.4747,0
1398280199,588.7708,588.7999,588.2571,588.2730,0
1398280499,588.7751,588.7850,588.6038,588.7678,0
1398280799,588.9061,588.9122,588.7348,588.7735,0
1398281099,589.1346,589.2365,588.8931,588.9093,0
1398281399,588.6586,589.1184,588.5798,589.1184,0
1398281699,588.6524,588.6758,588.5290,588.6593,0
1398281999,589.1208,589.1930,588.6440,588.6586,0
1398282299,588.9764,589.1165,588.9231,589.1117,0
1398282599,588.7006,588.9899,588.6523,588.9899,0
1398282899,588.8395,588.8781,588.6729,588.7378,0
1398283199,588.3813,588.9135,588.1830,588.8426,0
1398283200,588.4330,588.4330,588.4330,588.4330,0
1398346499,592.4534,593.0309,591.6490,592.8173,0
1398346799,590.9572,592.4241,590.7574,592.4241,0
1398347099,590.6230,591.4076,590.3781,590.9907,0
1398347399,588.4579,591.0320,587.8078,590.3763,0
1398347699,588.2289,589.2576,588.2050,588.4699,0
1398347999,587.6954,588.2564,586.9081,588.2564,0
1398348243,586.3289,587.9858,586.3289,587.6887,0
1398348599,584.8568,586.9916,584.3148,586.9916,0
1398348899,586.0777,586.0777,584.1094,584.8904,0
1398349199,589.2731,589.3157,586.0052,586.0864,0
1398349499,588.9907,589.4119,588.4457,589.2731,0
1398349799,588.2004,589.2339,588.0116,588.9907,0
1398350094,588.0163,588.6353,587.8624,588.2036,0
1398350399,589.0040,589.2138,588.5869,588.6274,0
1398350699,589.1477,589.5907,588.8228,588.9100,0
1398350999,588.8991,589.6374,588.6833,589.1498,0
1398351299,588.8007,588.9102,588.1633,588.8424,0
1398351599,589.7675,589.8566,588.7073,588.8096,0
1398351899,590.2779,590.2779,589.3291,589.7650,0
1398352199,591.2505,591.4821,590.5385,590.5385,0
1398352499,591.5014,591.7301,591.2676,591.2676,0
1398352799,591.3211,591.5328,591.1467,591.4805,0
1398353099,592.1721,592.1743,591.2668,591.2917,0
1398353399,591.9218,592.3874,591.8944,592.1847,0
1398353699,592.5073,592.5073,591.9241,591.9241,0
1398353999,593.2648,593.3904,592.4241,592.5073,0
1398354299,592.7614,593.3773,592.6766,593.2834,0
1398354599,592.9490,593.0053,592.6567,592.7730,0
1398354899,592.3199,593.0161,592.2184,592.9507,0
1398355199,592.5346,592.7584,592.2521,592.2856,0
1398355499,592.8510,593.2631,592.5483,592.5483,0
1398355799,592.4993,592.8510,592.4362,592.8510,0
1398356099,592.4701,592.6853,592.4210,592.5037,0
1398356399,592.2090,592.5895,592.2090,592.4841,0
1398356699,592.1703,592.3443,591.8331,592.2012,0
1398356999,592.1483,592.2731,592.0140,592.1703,0
1398357299,592.2933,592.3522,592.1171,592.1572,0
1398357599,592.5898,592.6578,592.2974,592.2974,0
1398357899,592.9390,592.9390,592.3777,592.5898,0
1398358199,593.0588,593.1414,592.8398,592.9390,0
1398358499,592.7113,593.0687,592.6085,593.0588,0
1398358799,592.8971,592.9758,592.7100,592.7139,0
1398359099,592.3140,592.9682,592.3098,592.8664,0
1398359399,592.5577,592.6530,592.2665,592.3201,0
1398359699,592.8093,592.8915,592.5220,592.5491,0
1398359999,592.7300,592.8124,592.4998,592.8057,0
1398360299,592.9983,593.0533,592.7111,592.7402,0
1398360599,592.9252,593.2460,592.9252,592.9983,0
1398360899,592.3463,592.9248,592.1590,592.9163,0
1398361199,590.9495,592.3415,590.9495,592.3415,0
1398361499,591.7143,591.7143,590.6945,590.9504,0
1398361799,590.8035,591.8149,590.7982,591.7103,0
1398362099,590.6337,591.2125,590.6296,590.7753,0
1398362399,590.4795,590.7540,590.2729,590.6337,0
1398362699,591.6829,591.6829,590.4655,590.4655,0
1398362999,591.3549,591.8677,591.3549,591.6829,0
1398363299,591.5291,591.5291,590.9579,591.3452,0
1398363599,591.2545,591.7296,591.1767,591.5409,0
1398363899,590.9462,591.4003,590.9462,591.2467,0
1398364199,591.2144,591.2258,590.9235,590.9462,0
1398364499,591.6409,591.6417,591.0536,591.2144,0
1398364799,591.7823,591.9261,591.6107,591.6434,0
1398365099,590.9678,591.7883,590.9678,591.7883,0
1398365399,591.0840,591.3046,590.9404,590.9678,0
1398365699,590.9654,591.1324,590.8900,591.0788,0
1398365999,591.4625,591.4625,590.6976,590.9633,0
1398366299,591.9309,592.0035,591.4838,591.4838,0
1398366599,591.7661,591.9479,591.7661,591.9366,0
1398366899,591.7361,591.7842,591.5938,591.7661,0
1398367199,591.7292,591.8548,591.5698,591.7514,0
1398367499,591.6035,591.7802,591.4357,591.7168,0
1398367799,591.0638,591.6323,591.0638,591.6017,0
1398368099,590.6324,591.3396,590.6324,591.0609,0
1398368399,590.6506,590.6783,590.5079,590.6116,0
1398368699,591.2587,591.5090,590.6663,590.6663,0
1398368999,591.2998,591.4130,590.9556,591.2476,0
1398369299,591.5164,591.6382,591.2214,591.3932,0
1398369599,591.6217,591.6758,591.3878,591.5465,0
1398369600,591.6353,591.6353,591.6353,591.6353,0
1398432899,583.4245,584.3939,582.3732,584.3939,0
1398433199,582.6895,583.4485,582.3766,583.4485,0
1398433499,584.2245,584.2245,582.5210,582.7053,0
1398433799,582.2098,584.3884,582.1402,584.1339,0
1398434099,581.9924,582.6193,581.8260,582.1739,0
1398434396,581.6976,582.8278,581.6976,581.9872,0
1398434699,581.1055,581.7881,580.5001,581.7881,0
1398434999,580.3253,581.0804,579.5220,581.0804,0
1398435299,579.9574,580.4642,579.6479,580.3920,0
1398435599,579.9740,580.6181,579.7993,579.9634,0
1398435899,579.7937,580.4123,579.6122,579.9701,0
1398436199,578.5943,579.8577,578.5943,579.8071,0
1398436499,577.1433,578.5900,577.1289,578.5900,0
1398436799,576.1501,577.1216,575.4645,577.1216,0
1398437099,575.1829,576.1917,575.1301,576.1419,0
1398437399,575.1876,575.5089,574.9578,575.1433,0
1398437699,574.3189,575.5103,574.3189,575.1936,0
1398437999,574.3582,574.6479,573.7063,574.3148,0
1398438299,574.0065,574.5657,574.0065,574.3618,0
1398438599,573.0553,573.9825,572.8257,573.9825,0
1398438899,574.0892,574.4061,572.7545,573.0790,0
1398439199,574.6771,574.7617,573.9562,574.0892,0
1398439499,574.5226,574.7932,574.4028,574.6715,0
1398439799,575.1638,575.1771,574.4239,574.5404,0
1398440099,574.6611,575.4523,574.6374,575.1698,0
1398440399,574.7949,575.1790,574.6550,574.6550,0
1398440699,574.4253,574.9312,574.2125,574.8064,0
1398440999,574.1608,574.5365,574.0746,574.4323,0
1398441299,575.5313,575.5851,574.1219,574.1608,0
1398441599,574.6987,575.7716,574.6987,575.5313,0
1398441899,574.7339,575.3306,574.7038,574.7038,0
1398442199,574.6895,574.9932,574.5535,574.7382,0
1398442499,573.8571,574.7603,573.8571,574.6895,0
1398442799,573.9432,574.4146,573.8652,573.8652,0
1398443099,574.0110,574.0665,573.8412,573.9432,0
1398443399,574.2296,574.3616,573.9568,574.0110,0
1398443698,573.8686,574.2665,573.8686,574.2296,0
1398443999,573.6125,573.8957,573.4360,573.8427,0
1398444299,573.3893,573.8668,573.2433,573.6226,0
1398444599,572.9916,573.6526,572.8453,573.3857,0
1398444899,573.1628,573.2094,572.9589,572.9916,0
1398445199,572.7026,573.2884,572.6727,573.1559,0
1398445499,572.5275,572.9741,572.5145,572.7049,0
1398445799,572.4739,572.5370,572.0293,572.5275,0
1398446099,572.1340,572.4743,572.1281,572.4739,0
1398446399,571.8135,572.1495,571.6595,572.1340,0
1398446699,571.5952,571.8405,571.5294,571.8085,0
1398446999,571.7680,572.0880,571.5914,571.5951,0
1398447299,571.5333,571.9109,571.3035,571.7635,0
1398447599,571.2179,571.5408,571.1287,571.5333,0
1398447899,572.2335,572.2335,571.2105,571.2179,0
1398448199,572.1862,572.7509,572.1862,572.2352,0
1398448499,572.1058,572.4658,571.8540,572.1891,0
1398448783,572.0284,572.4459,572.0284,572.1058,0
1398449099,571.2719,572.2065,571.2719,572.1799,0
1398449399,571.6865,571.7157,571.2372,571.2839,0
1398449699,571.4493,571.6713,571.2724,571.6713,0
1398449999,571.4463,571.5128,571.1956,571.4649,0
1398450299,571.8074,571.8121,571.3407,571.4463,0
1398450599,571.5602,572.0858,571.5118,571.8205,0
1398450899,571.7535,571.7535,571.1317,571.5485,0
1398451199,572.8242,572.9016,571.7707,571.7707,0
1398451499,572.2892,572.8229,572.2339,572.8100,0
1398451799,572.7427,572.7427,572.1965,572.2922,0
1398452099,573.4030,573.5268,572.7288,572.7397,0
1398452399,572.3294,573.4214,572.1777,573.3941,0
1398452699,572.9818,573.0370,572.2470,572.3350,0
1398452999,572.5553,573.0632,572.5541,572.9818,0
1398453299,572.2386,572.6046,572.0661,572.5469,0
1398453599,572.3229,572.4829,571.8024,572.2429,0
1398453899,572.4208,572.7672,572.3199,572.3199,0
1398454199,572.7465,572.7850,572.4102,572.4208,0
1398454499,572.6184,572.9891,572.5087,572.7575,0
1398454799,572.3366,572.6860,572.3105,572.6224,0
1398455099,572.4548,572.6011,572.2079,572.3361,0
1398455399,572.9421,573.0591,572.4094,572.4580,0
1398455699,572.1396,572.8036,572.1239,572.8036,0
1398455999,572.2348,572.3608,571.9210,572.1400,0
1398456000,572.1903,572.1903,572.1903,572.1903,0
1398692099,576.2056,577.0212,576.2056,576.8016,0
1398692399,574.2987,576.1946,574.2119,576.1946,0
1398692699,572.9013,574.3322,572.7794,574.3270,0
1398692999,571.7943,573.3636,571.7906,572.9397,0
1398693299,574.8070,574.8257,571.8273,571.8475,0
1398693599,574.9407,575.1524,574.4487,574.8052,0
1398693899,573.2032,575.8050,572.9114,574.9816,0
1398694199,573.7236,573.7744,572.1656,573.1480,0
1398694499,574.9514,574.9514,573.4892,573.7186,0
1398694799,575.8361,576.0684,574.8632,574.9514,0
1398695099,575.8726,576.3794,575.8425,575.8425,0
1398695399,575.1943,576.2987,574.8691,575.8752,0
1398695699,575.7365,576.2411,575.1976,575.2126,0
1398695999,574.5070,575.7601,574.4359,575.7324,0
1398696299,574.8175,575.0358,574.3002,574.5200,0
1398696599,573.8292,574.8607,573.8226,574.8209,0
1398696899,572.9494,574.2510,572.8500,573.8244,0
1398697199,572.8890,573.2238,572.8696,572.9528,0
1398697499,572.9213,573.3894,572.7975,572.8603,0
1398697799,571.9653,573.1349,571.8126,572.9213,0
1398698099,570.5117,572.0098,570.4198,571.9666,0
1398698399,569.1533,570.5279,568.8943,570.5279,0
1398698699,567.9476,569.8087,567.9476,569.1573,0
1398698999,567.0889,568.1509,567.0815,567.9093,0
1398699299,567.0505,567.9885,567.0392,567.0892,0
1398699599,568.5623,568.6199,567.0365,567.0652,0
1398699899,567.4012,568.6196,567.3843,568.5656,0
1398700199,567.5161,568.0222,567.2614,567.3907,0
1398700499,567.2050,567.9844,566.9558,567.5161,0
1398700799,566.1043,567.1875,565.6307,567.1875,0
1398701099,567.3055,567.3680,566.0930,566.1155,0
1398701399,565.3888,567.4318,565.3888,567.3031,0
1398701699,566.3549,566.7635,565.3926,565.3926,0
1398701999,566.9632,567.1713,566.3535,566.3535,0
1398702299,565.5328,567.0499,565.5328,566.9656,0
1398702599,565.5529,565.7660,565.0927,565.5328,0
1398702898,565.9695,565.9731,565.2936,565.5591,0
1398703199,564.3062,565.9224,564.3062,565.9224,0
1398703499,565.4200,565.8016,564.3070,564.3124,0
1398703799,566.1053,566.1053,565.4232,565.4232,0
1398704099,565.6011,566.1640,565.2372,566.1353,0
1398704399,565.5085,565.6556,565.1497,565.6133,0
1398704699,564.5640,565.5085,564.4981,565.5085,0
1398704999,563.6854,564.5640,563.6646,564.5640,0
1398705299,562.7737,563.9951,562.6873,563.7065,0
1398705599,562.0867,562.7776,561.9933,562.7737,0
1398705899,561.0962,562.0911,560.7261,562.0867,0
1398706199,562.1274,562.2350,561.0599,561.1035,0
1398706499,561.4030,562.4466,561.1250,562.1218,0
1398706799,562.5803,562.7229,561.1657,561.4030,0
1398707099,563.4128,563.5071,562.4293,562.5771,0
1398707399,563.2811,563.4277,562.5197,563.4128,0
1398707699,564.1835,564.3868,563.2786,563.2811,0
1398707999,563.5069,564.2095,562.9580,564.1835,0
1398708299,563.1902,563.5920,562.5543,563.5201,0
1398708599,563.3505,563.3505,562.7907,563.1985,0
1398708899,564.5110,564.6830,563.4060,563.4060,0
1398709199,564.8565,564.8881,564.4680,564.5110,0
1398709499,565.4800,565.5861,564.6453,564.8661,0
1398709799,565.2324,565.4750,564.7447,565.4720,0
1398710099,565.5412,566.0378,565.2324,565.2324,0
1398710399,565.9795,566.3333,565.5377,565.5412,0
1398710699,565.1385,565.9795,565.1385,565.9795,0
1398710999,566.1617,566.2546,564.9150,565.1385,0
1398711299,566.1572,566.5029,565.9697,566.1678,0
1398711599,565.3071,566.3450,565.2608,566.1592,0
1398711899,565.9522,566.0125,565.3867,565.3867,0
1398712199,567.4529,567.4529,565.8386,565.9594,0
1398712499,568.5159,568.5861,567.4091,567.4529,0
1398712799,569.6964,569.6964,568.0687,568.5306,0
1398713099,569.8936,570.0109,568.9950,569.7057,0
1398713399,569.6990,570.1877,569.5765,569.8678,0
1398713699,569.8199,570.1765,569.6236,569.6347,0
1398713999,570.2783,570.4886,569.8151,569.8151,0
1398714299,570.0977,570.3988,569.9140,570.2783,0
1398714599,569.0397,570.1124,569.0358,570.1019,0
1398714899,569.0255,569.6105,569.0255,569.0944,0
1398715199,568.5477,569.0040,568.4631,569.0040,0
1398715200,568.5538,568.5538,568.5538,568.5538,0
1398778499,572.0351,572.9432,571.5810,571.5810,0
1398778799,571.6353,572.2054,569.9404,572.0446,0
1398779099,572.1301,572.9984,571.4832,571.6738,0
1398779399,572.6363,573.5267,572.1047,572.1440,0
1398779699,572.6192,573.1099,572.3400,572.6555,0
1398779999,570.5779,573.0906,570.5743,572.6010,0
1398780299,571.3011,571.9177,570.1813,570.5733,0
1398780599,570.6012,571.5468,570.5616,571.2807,0
1398780899,570.5186,571.0583,570.3260,570.5249,0
1398781199,570.9701,571.5290,570.0297,570.5319,0
1398781499,570.2400,571.0571,570.2271,570.9462,0
1398781799,568.0222,570.2632,567.7809,570.2335,0
1398782099,568.8399,569.2275,567.8089,568.0125,0
1398782399,568.8939,569.7134,568.7654,568.8399,0
1398782699,569.4687,569.7573,568.8871,568.8976,0
1398782999,570.0377,570.5055,569.4784,569.4784,0
1398783299,570.2479,570.2872,569.5934,570.0437,0
1398783599,569.7804,570.6353,569.7804,570.2479,0
1398783899,570.4293,570.4612,569.7724,569.7724,0
1398784199,570.5964,570.6700,570.1313,570.4293,0
1398784499,569.2974,570.5906,569.2974,570.5906,0
1398784799,569.8381,570.0847,569.2974,569.2974,0
1398785099,570.6190,570.6212,569.8381,569.8381,0
1398785399,571.6039,571.6288,570.6134,570.6149,0
1398785699,571.7596,571.7836,571.3283,571.6140,0
1398785999,571.5761,571.8399,571.4689,571.7564,0
1398786299,571.4023,571.5983,571.2939,571.5701,0
1398786599,571.8803,571.8803,571.2737,571.4023,0
1398786899,572.0703,572.0948,571.6318,571.8803,0
1398787199,571.6852,572.0781,571.6021,572.0703,0
1398787499,571.7225,571.8639,571.7043,571.8388,0
1398787799,572.1498,572.2251,571.6907,571.7225,0
1398788099,571.8959,572.1931,571.8674,572.1538,0
1398788399,571.8503,571.9067,571.5217,571.8959,0
1398788699,572.8454,572.9167,571.8503,571.8503,0
1398788999,572.9925,572.9992,572.4945,572.8513,0
1398789299,573.7653,573.7653,572.9925,572.9925,0
1398789599,573.9240,574.2180,573.7372,573.7653,0
1398789899,574.1120,574.2664,573.9240,573.9240,0
1398790199,573.8792,574.2733,573.8792,574.1116,0
1398790499,573.7010,574.2119,573.6833,573.8777,0
1398790799,574.0520,574.0520,573.6544,573.6828,0
1398791099,574.0307,574.0687,573.7834,574.0239,0
1398791399,573.5057,574.0858,573.4380,574.0352,0
1398791699,573.2433,573.9173,573.2433,573.5057,0
1398791999,572.9625,573.2433,572.7719,573.2433,0
1398792299,573.0587,573.2363,572.8387,572.9625,0
1398792599,572.9821,573.1108,572.7628,573.0587,0
1398792899,572.4833,572.9643,572.4077,572.9643,0
1398793199,572.8710,573.1167,572.4706,572.4900,0
1398793499,572.5349,573.0131,572.5349,572.8710,0
1398793799,572.6827,572.6827,572.2501,572.5364,0
1398794099,573.1923,573.1923,572.6903,572.6903,0
1398794399,573.5019,573.5875,573.1932,573.1932,0
1398794699,573.6054,573.6091,573.3074,573.5019,0
1398794999,573.6688,573.7007,573.5355,573.6128,0
1398795299,573.5176,573.7288,573.5176,573.6688,0
1398795599,573.2710,573.5176,573.1651,573.5176,0
1398795899,573.3506,573.5798,573.2710,573.2710,0
1398796199,572.9767,573.4092,572.9534,573.3506,0
1398796499,573.2739,573.3107,572.9745,572.9767,0
1398796799,573.3715,573.3715,573.2089,573.2717,0
1398797099,573.1968,573.3808,573.1744,573.3694,0
1398797399,573.7236,573.7248,573.1984,573.1987,0
1398797699,573.5143,573.7477,573.3996,573.7236,0
1398797999,573.3616,573.5458,573.3535,573.5176,0
1398798299,573.2525,573.5258,573.2142,573.3586,0
1398798599,573.3993,573.4387,573.2354,573.2525,0
1398798899,572.8997,573.4021,572.8636,573.3993,0
1398799199,573.0979,573.0979,572.8560,572.8997,0
1398799499,573.0825,573.3497,572.9893,573.1016,0
1398799799,573.8220,573.8220,573.0782,573.0825,0
1398800099,573.6391,573.8173,573.4446,573.8173,0
1398800399,573.2913,573.6547,572.9542,573.6547,0
1398800699,572.8027,573.3146,572.8027,573.2963,0
1398800999,573.0911,573.1481,572.7296,572.7881,0
1398801299,572.9398,573.2960,572.8853,573.1959,0
1398801599,572.9160,573.2277,572.8182,572.8948,0
1398801600,572.9920,572.9920,572.9920,572.9920,0
1398864899,570.9438,571.6117,570.6652,571.6117,0
1398865199,571.7014,572.3645,570.0021,570.9119,0
1398865499,571.6783,572.1721,571.0881,571.7289,0
1398865799,571.7037,573.0731,571.7037,571.8889,0
1398866099,570.7534,572.0795,570.3863,571.6504,0
1398866398,571.8993,572.1268,570.5937,570.7805,0
1398866699,571.3030,571.8954,571.1488,571.8942,0
1398866999,572.6287,572.7253,571.2928,571.3030,0
1398867299,573.1329,573.1783,572.6193,572.6304,0
1398867599,573.8714,574.1633,573.1351,573.1373,0
1398867899,574.3215,574.3215,573.5759,573.8870,0
1398868199,574.3023,574.9052,574.2677,574.3323,0
1398868499,573.6251,574.6355,573.6144,574.2991,0
1398868799,574.2018,574.2343,573.3856,573.6190,0
1398869099,574.0286,574.3032,573.8854,574.2081,0
1398869399,575.2380,575.4407,573.9103,574.0134,0
1398869699,575.1035,575.4807,575.0156,575.2429,0
1398869999,574.4877,575.1271,574.4788,575.1035,0
1398870299,575.0826,575.0826,574.4877,574.4877,0
1398870599,574.2650,575.1239,574.1664,575.0975,0
1398870899,573.3918,574.2824,573.3918,574.2631,0
1398871199,573.1044,573.5652,573.1044,573.3918,0
1398871499,573.3257,573.3996,572.8029,573.0964,0
1398871799,573.2725,573.3306,572.8721,573.3257,0
1398872099,573.9306,573.9306,573.2725,573.2725,0
1398872399,573.7637,573.9958,573.4287,573.9306,0
1398872699,574.3216,574.3942,573.7700,573.7700,0
1398872999,573.8748,574.3216,573.8420,574.3216,0
1398873299,574.1320,574.1320,573.8622,573.8622,0
1398873599,573.7199,574.2509,573.6312,574.1368,0
1398873899,574.3196,574.3218,573.8122,573.8122,0
1398874199,574.4278,574.4278,574.2686,574.3196,0
1398874499,574.8696,574.9302,574.4243,574.4310,0
1398874799,574.5859,574.9476,574.5546,574.8442,0
1398875099,574.2000,574.5823,574.0906,574.5823,0
1398875399,574.1406,574.2034,573.9902,574.2000,0
1398875699,574.2353,574.2435,573.9363,574.1475,0
1398875999,574.3919,574.4735,574.1695,574.2378,0
1398876299,574.4423,574.5410,574.3454,574.4008,0
1398876599,574.1299,574.4570,574.1299,574.4423,0
1398876899,573.5907,574.1299,573.5897,574.1299,0
1398877199,573.6222,573.7937,573.5657,573.5907,0
1398877499,573.8765,573.8790,573.5850,573.6191,0
1398877799,574.0340,574.1789,573.8942,573.8942,0
1398878099,573.9959,574.1628,573.9730,574.0349,0
1398878399,573.6550,574.0493,573.6479,573.9959,0
1398878699,573.8350,573.9028,573.5410,573.6550,0
1398878999,574.0529,574.0710,573.8337,573.8492,0
1398879299,574.1046,574.1288,573.8544,574.0412,0
1398879599,574.0381,574.2147,574.0234,574.1046,0
1398879899,573.9332,574.0344,573.7380,574.0344,0
1398880199,573.4843,573.9528,573.4843,573.9332,0
1398880499,573.5112,573.5677,573.4335,573.4798,0
1398880799,573.5861,573.8904,573.5112,573.5112,0
1398881099,574.7972,574.9445,572.8384,573.6561,0
1398881399,573.9546,574.7972,573.2377,574.7972,0
1398881699,572.6251,573.9587,572.4747,573.9546,0
1398881999,573.2405,573.5360,572.5157,572.5599,0
1398882298,574.0702,574.0786,572.9446,573.2518,0
1398882599,573.4822,574.1460,573.4415,574.0702,0
1398882899,574.0805,574.2006,573.4899,573.4899,0
1398883199,573.7723,574.4219,573.7697,574.0892,0
1398883499,574.0388,574.2366,573.7220,573.7723,0
1398883799,575.2847,575.3051,574.0284,574.0388,0
1398884099,575.1100,575.3120,574.7908,575.2811,0
1398884399,575.0023,575.1467,574.9451,575.0984,0
1398884699,574.5165,575.3362,574.4526,574.9963,0
1398884999,574.2224,574.5688,574.2136,574.5057,0
1398885299,574.1677,574.3988,574.1187,574.2302,0
1398885599,574.0871,574.1967,573.5015,574.1677,0
1398885899,574.0421,574.2154,573.7540,574.0933,0
1398886199,574.7209,574.7331,574.0219,574.0392,0
1398886499,575.1709,575.2087,574.7216,574.7216,0
1398886799,575.2294,575.3541,575.0101,575.1729,0
1398887099,575.3582,575.3582,574.9932,575.1930,0
1398887399,574.8189,575.3542,574.2350,575.3542,0
1398887699,575.6964,575.7643,575.0872,575.0872,0
1398887999,575.8282,575.8765,575.4524,575.6945,0
1398888000,575.9686,575.9686,575.9686,575.9686,0
1398951299,575.2949,576.3558,575.1498,576.3331,0
1398951599,576.8925,577.3210,575.1522,575.2276,0
1398951899,577.7863,578.5756,576.9086,576.9086,0
1398952199,576.5075,577.7728,576.3101,577.7626,0
1398952499,577.2861,577.2861,576.4591,576.5151,0
1398952799,576.8657,577.9607,576.8549,577.3305,0
1398953099,576.1108,576.9940,575.5109,576.9046,0
1398953399,576.3268,576.5768,576.0867,576.1108,0
1398953699,575.9730,576.9914,575.9730,576.3274,0
1398953999,575.2205,576.2223,574.9516,575.9700,0
1398954299,575.6040,575.6449,574.6470,575.1970,0
1398954599,576.8299,576.8389,575.6028,575.6040,0
1398954899,577.7874,577.8875,576.7909,576.8200,0
1398955199,577.5944,577.9161,577.4084,577.7684,0
1398955499,578.0047,578.0527,577.5922,577.5944,0
1398955799,578.1952,578.9218,577.9113,577.9962,0
1398956099,579.1287,579.2015,578.1993,578.1993,0
1398956399,578.9529,579.2503,578.8773,579.1224,0
1398956699,578.9209,579.1144,578.7051,578.9475,0
1398956999,579.0031,579.0126,578.7559,578.9182,0
1398957299,579.3457,579.3723,578.8549,579.0031,0
1398957599,579.6971,579.8699,579.3129,579.3457,0
1398957899,579.5138,579.6813,579.1328,579.6813,0
1398958199,579.7934,579.9083,579.5159,579.5159,0
1398958499,580.7775,580.9939,579.7455,579.7905,0
1398958799,580.8467,581.1512,580.7585,580.8032,0
1398959099,580.9267,581.0919,580.6620,580.8467,0
1398959399,580.9552,581.0887,580.8260,580.9238,0
1398959699,580.6115,580.9617,580.2167,580.9617,0
1398959999,580.1502,580.7025,579.8472,580.6115,0
1398960299,580.5963,580.6119,580.0684,580.1350,0
1398960599,580.5629,580.6164,580.1331,580.5995,0
1398960899,580.1773,580.6709,580.0435,580.5566,0
1398961199,579.8246,580.2173,579.8040,580.1677,0
1398961499,579.8369,579.8555,579.4749,579.8246,0
1398961799,579.8604,580.0261,579.4904,579.8308,0
1398962099,579.6656,579.8835,579.4197,579.8624,0
1398962399,578.4792,579.6759,578.4792,579.6656,0
1398962699,577.9499,578.7731,577.8920,578.4737,0
1398962999,577.6653,577.9499,577.1006,577.9499,0
1398963299,578.1200,578.1273,577.6777,577.6777,0
1398963599,577.8655,578.2532,577.7339,578.1200,0
1398963899,577.9990,578.1969,577.8655,577.8655,0
1398964199,577.8014,578.0629,577.7556,577.9990,0
1398964499,576.9777,577.8206,576.8979,577.8198,0
1398964799,576.8175,576.9979,576.6227,576.9777,0
1398965099,576.0165,576.8175,575.7969,576.8175,0
1398965399,575.8958,576.1772,575.8958,576.0208,0
1398965699,575.8489,575.9668,575.4791,575.9006,0
1398965999,576.0874,576.1127,575.6920,575.8518,0
1398966299,575.6658,576.1668,575.6526,576.0903,0
1398966599,575.4892,575.9808,575.4796,575.6658,0
1398966899,574.6512,575.4587,574.6122,575.4587,0
1398967199,573.8776,574.6717,573.4030,574.6512,0
1398967499,574.6400,574.7052,573.8627,573.8776,0
1398967799,574.1961,574.6770,574.1230,574.6501,0
1398968099,574.0372,574.4450,574.0336,574.1961,0
1398968399,573.9176,574.2747,573.9176,574.0372,0
1398968699,574.0120,574.2943,573.7845,573.9176,0
1398968999,574.5105,574.5142,573.9850,574.0120,0
1398969299,574.8104,574.9191,574.3778,574.5138,0
1398969599,574.0689,574.8104,574.0580,574.8104,0
1398969899,573.2166,574.0383,573.1700,573.9676,0
1398970199,573.6056,573.6868,572.9178,573.2209,0
1398970499,573.2444,573.8404,573.2444,573.6056,0
1398970799,572.7954,573.3451,572.5476,573.2356,0
1398971099,572.4925,572.8284,572.4925,572.7411,0
1398971399,572.4269,572.5945,572.1987,572.4925,0
1398971699,572.7665,572.7877,572.2559,572.4289,0
1398971999,573.6447,573.8516,572.7843,572.7843,0
1398972299,573.6258,573.8896,573.5632,573.6357,0
1398972599,573.3828,573.6553,573.1672,573.6258,0
1398972899,573.4289,573.4315,573.1314,573.3702,0
1398973199,573.5204,573.7803,573.4163,573.4289,0
1398973499,573.5067,573.8072,573.5067,573.5204,0
1398973799,573.0164,573.4875,572.9755,573.4875,0
1398974099,573.8996,573.9432,573.2056,573.2056,0
1398974399,573.8337,573.9119,573.4822,573.9119,0
1398974400,573.8620,573.8620,573.8620,573.8620,0
1399037699,575.1995,575.2886,573.6097,575.0551,0
1399037999,575.3298,575.4772,574.7030,575.1812,0
1399038299,573.4315,575.7289,573.0240,575.4035,0
1399038599,573.2199,574.7066,573.2053,573.5529,0
1399038899,573.3760,573.9954,573.0676,573.1141,0
1399039199,573.3236,573.6187,572.4365,573.3760,0
1399039499,573.7743,574.0860,572.6727,573.3423,0
1399039799,576.3588,576.6136,573.7954,573.7954,0
1399040099,576.4478,576.8530,576.3244,576.3588,0
1399040399,576.2418,576.5395,575.8831,576.4540,0
1399040699,576.2534,576.3641,575.6791,576.2267,0
1399040999,575.3009,576.4564,575.2573,576.2583,0
1399041299,576.2854,576.2854,575.0489,575.3204,0
1399041599,577.2554,577.9745,576.3133,576.3163,0
1399041899,575.4709,577.2212,574.9080,577.2212,0
1399042199,572.9205,575.5013,572.9176,575.4741,0
1399042499,573.4555,573.5964,572.4575,572.9365,0
1399042799,574.3380,574.6021,573.1565,573.4656,0
1399043099,575.1633,575.3613,574.1100,574.3064,0
1399043399,575.4786,575.6821,574.9937,575.1885,0
1399043699,574.6478,575.4816,574.6132,575.4786,0
1399043999,575.2968,575.3057,574.5145,574.6570,0
1399044299,575.1097,575.2991,574.9428,575.2565,0
1399044599,574.9615,575.2080,574.6771,575.1078,0
1399044899,576.6638,576.7144,575.0009,575.0032,0
1399045199,576.6508,576.8027,576.4799,576.6716,0
1399045499,576.1885,576.6600,576.0215,576.6508,0
1399045799,577.0971,577.1747,576.1827,576.2004,0
1399046099,577.5212,577.7150,577.0741,577.1031,0
1399046399,577.6953,577.8768,577.4107,577.5212,0
1399046699,577.4078,577.7063,577.4040,577.7003,0
1399046999,577.7458,577.9243,577.3459,577.4078,0
1399047299,577.7318,577.8043,577.6450,577.7490,0
1399047599,577.6904,577.8055,577.6700,577.7281,0
1399047899,577.8249,577.8418,577.6546,577.6879,0
1399048199,577.8259,577.8643,577.6752,577.8330,0
1399048499,577.6454,577.8283,577.5204,577.8259,0
1399048799,577.9711,578.1411,577.6371,577.6454,0
1399049099,577.7388,578.0805,577.7386,577.9681,0
1399049399,577.9903,577.9980,577.7104,577.7388,0
1399049699,577.8460,577.9904,577.7758,577.9904,0
1399049999,577.8882,578.0051,577.7021,577.8436,0
1399050299,578.0705,578.1434,577.8785,577.8839,0
1399050599,577.3482,578.1351,577.3314,578.0705,0
1399050899,577.2001,577.3482,576.9330,577.3482,0
1399051199,577.2739,577.2948,576.7114,577.2001,0
1399051499,577.3824,577.4507,576.9961,577.2739,0
1399051799,576.9684,577.4008,576.9009,577.3881,0
1399052099,577.0341,577.1494,576.7053,576.9684,0
1399052399,577.1033,577.1251,576.8699,577.0383,0
1399052699,577.0844,577.1284,576.6829,577.1033,0
1399052999,577.2305,577.2928,577.0269,577.0844,0
1399053299,577.1008,577.3582,577.0750,577.2407,0
1399053599,576.4951,577.1215,576.4147,577.0975,0
1399053899,576.4984,576.4984,575.9683,576.4932,0
1399054199,576.1224,576.6378,576.1163,576.4969,0
1399054499,576.4280,576.4774,576.0002,576.1161,0
1399054799,576.8134,576.8284,576.3881,576.3999,0
1399055099,576.4537,576.8691,576.4141,576.8171,0
1399055399,576.2185,576.5379,576.2185,576.4537,0
1399055699,576.7097,576.7097,576.2168,576.2185,0
1399055999,576.8266,577.0983,576.7133,576.7133,0
1399056299,576.7789,576.8141,576.7131,576.8096,0
1399056599,576.6893,576.8746,576.6200,576.7905,0
1399056899,576.7178,576.7947,576.6769,576.6893,0
1399057199,576.4631,576.6942,576.4590,576.6912,0
1399057499,576.8751,576.8759,576.4487,576.4539,0
1399057799,577.2940,577.3075,576.8751,576.8751,0
1399058099,577.0546,577.2991,577.0414,577.2964,0
1399058399,576.9569,577.0609,576.8362,577.0609,0
1399058699,576.8467,577.0071,576.8467,576.9569,0
1399058999,576.5104,576.8430,576.5104,576.8430,0
1399059299,575.9404,576.5568,575.9404,576.5060,0
1399059599,575.7800,575.9208,575.6280,575.9175,0
1399059899,575.7607,575.9176,575.7115,575.7800,0
1399060199,575.7075,575.8387,575.6487,575.7603,0
1399060499,576.1169,576.2319,575.8915,575.8915,0
1399060799,575.4348,576.1292,575.3699,576.1165,0
1399060800,575.4927,575.4927,575.4927,575.4927,0
1399296899,570.5676,572.3883,570.2744,572.3883,0
1399297199,571.4587,571.4587,570.0910,570.5971,0
1399297499,571.4441,571.6084,570.6834,571.4587,0
1399297799,571.0966,571.9370,571.0251,571.4582,0
1399298099,572.7762,572.8632,571.0724,571.1096,0
1399298399,573.7214,573.7214,572.6584,572.7762,0
1399298699,574.2415,574.4533,573.5898,573.8169,0
1399298999,573.7256,574.2391,573.3853,574.2217,0
1399299299,574.7342,574.7342,573.7646,573.7646,0
1399299599,575.6131,575.8276,574.7582,574.7657,0
1399299899,576.0720,576.3964,575.5163,575.5972,0
1399300199,574.8875,576.1677,574.8859,576.0720,0
1399300499,575.4003,575.5096,574.8875,574.8875,0
1399300799,575.6590,575.9470,575.1284,575.4003,0
1399301099,576.9163,577.2189,575.6343,575.6550,0
1399301399,576.3220,577.1505,576.3103,576.9554,0
1399301699,576.6566,576.9938,576.2645,576.2645,0
1399301999,576.0959,576.6850,575.8469,576.6566,0
1399302299,575.1282,576.0959,575.1282,576.0959,0
1399302599,575.1962,575.3591,574.9973,575.1072,0
1399302899,574.9293,575.3394,574.9155,575.2155,0
1399303199,574.7206,575.0641,574.6142,574.9330,0
1399303499,574.9609,575.3779,574.6806,574.7186,0
1399303799,575.1050,575.1253,574.8511,574.9609,0
1399304099,575.3111,575.5337,574.9569,575.1198,0
1399304399,575.5608,575.5928,575.2532,575.3111,0
1399304699,575.4683,576.1592,575.4467,575.5608,0
1399304999,575.8900,575.9251,575.4380,575.4557,0
1399305299,576.2670,576.3666,575.8986,575.8986,0
1399305599,576.2842,576.4017,576.2000,576.2766,0
1399305899,576.4208,576.4792,576.2786,576.2840,0
1399306199,575.7487,576.4435,575.7416,576.4296,0
1399306499,576.0175,576.0175,575.6977,575.7487,0
1399306799,575.9069,576.0370,575.8629,576.0175,0
1399307099,575.8408,575.9628,575.7361,575.9069,0
1399307399,575.5602,575.8594,575.5533,575.8335,0
1399307699,575.3651,575.5708,575.2987,575.5708,0
1399307999,575.4544,575.5141,575.3571,575.3651,0
1399308299,575.2177,575.4634,575.1927,575.4634,0
1399308599,575.2572,575.3413,575.1589,575.2177,0
1399308899,575.1678,575.2779,575.0439,575.2572,0
1399309199,574.4175,575.1852,574.4175,575.1678,0
1399309499,574.2213,574.4131,574.2211,574.4106,0
1399309799,574.5272,574.6750,574.1831,574.2087,0
1399310099,574.3036,574.5424,573.9935,574.5096,0
1399310399,574.3331,574.3505,573.9938,574.3036,0
1399310699,574.4406,574.5329,574.2340,574.3599,0
1399310999,574.3448,574.7644,574.3448,574.4406,0
1399311299,574.8950,574.9567,574.3362,574.3362,0
1399311599,574.5109,574.8998,574.5109,574.8993,0
1399311899,574.7641,574.7677,574.2788,574.5020,0
1399312199,574.8236,574.8436,574.6293,574.7641,0
1399312499,574.6246,574.8193,574.5016,574.8193,0
1399312799,574.6121,574.7180,574.5688,574.6246,0
1399313099,574.9409,575.0818,574.6301,574.6301,0
1399313399,574.7709,575.0058,574.7639,574.9409,0
1399313699,574.8853,574.9404,574.6931,574.7587,0
1399313999,574.8619,574.9216,574.7983,574.8853,0
1399314299,575.1389,575.1389,574.8234,574.8596,0
1399314599,575.2310,575.2651,575.1389,575.1389,0
1399314899,575.4014,575.4045,575.1808,575.2310,0
1399315199,575.0961,575.4163,575.0208,575.4014,0
1399315499,575.5033,575.5033,575.0887,575.0961,0
1399315799,576.2393,576.2393,575.4948,575.5033,0
1399316099,576.1060,576.4070,575.9126,576.2350,0
1399316399,576.1430,576.1430,576.0035,576.1031,0
1399316699,576.1974,576.2748,575.9812,576.1531,0
1399316999,576.4294,576.4294,576.1326,576.1917,0
1399317299,576.0099,576.4869,575.9712,576.4262,0
1399317599,575.9165,576.0416,575.8146,576.0175,0
1399317899,576.0319,576.0406,575.8640,575.9165,0
1399318199,576.3125,576.3125,575.9140,576.0288,0
1399318499,576.2977,576.3691,576.0302,576.3125,0
1399318799,576.0770,576.3073,576.0770,576.2900,0
1399319099,575.3757,576.0789,575.3721,576.0770,0
1399319399,575.5765,575.7628,575.3956,575.4017,0
1399319699,575.7637,575.7974,575.4907,575.5568,0
1399319999,575.9018,576.0148,575.7665,575.7665,0
1399320000,575.9401,575.9401,575.9401,575.9401,0
1399383299,576.0120,576.8383,574.9849,576.8383,0
1399383599,576.0627,576.3474,575.3867,576.0480,0
1399383899,576.0341,576.3078,575.3112,576.0425,0
1399384199,577.2413,577.5724,575.8834,576.0419,0
1399384499,577.1264,577.3233,576.1740,577.2116,0
1399384799,577.6890,577.7023,576.6814,577.1041,0
1399385099,577.7990,577.9185,576.9818,577.7502,0
1399385399,577.5445,577.9693,577.4751,577.7760,0
1399385699,578.5439,578.5466,577.4559,577.5344,0
1399385999,578.1031,579.1296,578.1031,578.5439,0
1399386299,578.6069,578.8812,577.9988,578.0772,0
1399386599,578.4981,578.5889,578.1865,578.5757,0
1399386899,578.6753,578.8907,578.4268,578.4798,0
1399387199,578.0477,578.6774,578.0477,578.6716,0
1399387499,577.9992,578.0460,577.5343,578.0426,0
1399387799,577.4388,578.0071,577.2576,577.9985,0
1399388099,576.1417,577.5328,576.1417,577.4357,0
1399388399,575.4667,576.2990,575.4585,576.1417,0
1399388699,575.8430,575.8473,574.8793,575.4630,0
1399388999,575.3269,575.8216,575.2902,575.8098,0
1399389299,575.6166,575.7545,575.0911,575.3269,0
1399389599,575.9983,576.0313,575.4473,575.6166,0
1399389899,576.3391,576.3472,575.8607,575.9866,0
1399390199,575.9807,576.3431,575.7345,576.3373,0
1399390499,576.1482,576.2705,575.8066,575.9916,0
1399390799,576.5678,576.6732,575.9933,576.1519,0
1399391099,576.0237,576.5435,576.0237,576.5435,0
1399391399,576.3093,576.3584,575.7566,576.0125,0
1399391699,576.4496,576.5910,576.2875,576.3153,0
1399391999,577.1311,577.1548,576.4583,576.4583,0
1399392299,576.7431,577.2633,576.7431,577.1316,0
1399392599,576.9348,576.9348,576.7191,576.7431,0
1399392899,576.8645,577.0055,576.7936,576.9348,0
1399393199,576.6780,576.8645,576.5210,576.8645,0
1399393499,576.4012,576.7103,576.1788,576.6780,0
1399393799,576.0792,576.4012,575.8822,576.4012,0
1399394099,576.3972,576.4304,576.0624,576.0792,0
1399394399,577.0070,577.0070,576.3874,576.3972,0
1399394699,577.2848,577.2953,577.0203,577.0203,0
1399394999,577.3027,577.3096,577.0903,577.2785,0
1399395299,577.2045,577.3488,577.0927,577.2988,0
1399395599,577.1929,577.2604,577.0922,577.2045,0
1399395899,577.2311,577.2598,577.1132,577.1929,0
1399396199,576.4251,577.2355,576.3929,577.2311,0
1399396499,576.1927,576.4903,576.1927,576.4313,0
1399396799,576.2935,576.3054,576.0331,576.1927,0
1399397099,576.4127,576.5245,576.2740,576.2933,0
1399397399,575.6711,576.4127,575.6711,576.4127,0
1399397699,575.8743,575.9856,575.6069,575.6590,0
1399397999,574.8433,575.8972,574.8192,575.8743,0
1399398299,573.4478,574.8433,573.4478,574.8433,0
1399398599,573.7599,573.8865,573.3704,573.4478,0
1399398899,574.3187,574.3671,573.7568,573.7629,0
1399399199,574.2419,574.5352,574.0922,574.3290,0
1399399499,573.4464,574.2552,573.4424,574.2446,0
1399399799,574.3525,574.3525,573.1160,573.4501,0
1399400099,574.8210,575.0035,574.2849,574.3525,0
1399400399,575.1292,575.1292,574.6694,574.8210,0
1399400699,573.9728,575.1234,573.9728,575.1234,0
1399400999,574.2458,574.2713,573.7706,573.9728,0
1399401299,574.1721,574.2294,573.5877,574.2294,0
1399401599,573.9225,574.1721,573.6782,574.1721,0
1399401899,574.3352,574.3744,573.8762,573.9225,0
1399402199,574.1718,574.3642,574.1718,574.3352,0
1399402499,574.3515,574.3781,574.1147,574.1718,0
1399402799,574.0818,574.3696,573.9949,574.3515,0
1399403099,573.5905,574.0789,573.4896,574.0789,0
1399403399,573.6478,573.7431,573.5464,573.5905,0
1399403699,574.3484,574.3972,573.6168,573.6569,0
1399403999,574.9462,575.1711,574.3525,574.3571,0
1399404299,575.0872,575.3745,574.9306,574.9462,0
1399404599,574.8699,575.0877,574.8367,575.0877,0
1399404899,574.7985,574.8801,574.6235,574.8699,0
1399405199,574.9773,575.0363,574.7496,574.8036,0
1399405499,574.3731,574.9647,574.2826,574.9647,0
1399405799,574.0989,574.4098,573.9788,574.3901,0
1399406099,573.4600,574.0386,573.3610,573.9790,0
1399406399,573.5209,573.6977,573.3596,573.4563,0
1399406400,573.4847,573.4847,573.4847,573.4847,0
