uri:/instrument/1.0/^SOX/chartdata;type=quote;range=1d/csv
ticker:^sox
Company-Name:PHLX Semiconductor
Exchange-Name:NIM
unit:MIN
timezone:EDT
currency:USD
gmtoffset:-14400
previous_close:581.8105
Timestamp:1401197400,1401220800
labels:1401199200,1401202800,1401206400,1401210000,1401213600,1401217200,1401220800
values:Timestamp,close,high,low,open,volume
close:592.1098,597.0821
high:592.3461,597.0821
low:591.9914,597.0821
open:592.0866,597.0821
volume:0,0
1401197510,592.4795,592.4795,592.4795,592.4795,0
1401197579,593.1069,593.1693,592.8290,592.8290,0
1401197639,593.1453,593.1827,593.0161,593.1329,0
1401197699,593.1207,593.1921,593.0842,593.1357,0
1401197759,592.9438,593.1463,592.9438,593.1074,0
1401197819,592.3461,592.9673,592.3461,592.9401,0
1401197879,592.1098,592.3461,591.9914,592.3461,0
1401197939,592.3311,592.4160,592.0119,592.0866,0
1401197999,592.2634,592.3936,592.2369,592.2943,0
1401198059,592.9061,592.9302,592.2664,592.2664,0
1401198119,593.0899,593.1069,592.8855,592.9446,0
1401198179,593.5436,593.6409,593.0721,593.0721,0
1401198239,593.7328,593.7386,593.5339,593.5339,0
1401198299,593.7151,593.7881,593.6311,593.7183,0
1401198359,593.9885,594.2151,593.8988,593.8995,0
1401198419,594.3469,594.3470,593.9885,593.9885,0
1401198479,594.2144,594.5110,594.1619,594.3392,0
1401198536,594.4492,594.4592,594.1911,594.2144,0
1401198598,594.8949,594.9050,594.5000,594.5000,0
1401198659,594.8954,595.0499,594.8585,594.8585,0
1401198719,594.7593,594.9044,594.7259,594.9015,0
1401198779,594.7059,594.9642,594.7059,594.7651,0
1401198839,594.4093,594.7890,594.4093,594.7134,0
1401198899,594.5397,594.5706,594.4150,594.4150,0
1401198959,594.8469,594.8650,594.5338,594.5397,0
1401199019,595.1500,595.1597,594.8469,594.8469,0
1401199079,595.1551,595.2344,595.1545,595.1639,0
1401199139,594.7545,595.1769,594.7453,595.1459,0
1401199199,594.3959,594.7776,594.3902,594.7577,0
1401199259,594.5131,594.5131,594.3477,594.3941,0
1401199319,594.4540,594.7053,594.4178,594.5131,0
1401199379,594.4805,594.4935,594.3734,594.4767,0
1401199439,594.2806,594.4952,594.2681,594.4842,0
1401199499,594.3798,594.4114,594.2083,594.2702,0
1401199559,594.7052,594.7338,594.3561,594.3697,0
1401199619,594.7662,594.8246,594.6801,594.7023,0
1401199679,594.9199,594.9199,594.5477,594.7631,0
1401199739,594.8822,594.9359,594.6863,594.9156,0
1401199799,594.8558,594.9135,594.7607,594.8712,0
1401199859,594.6658,594.8535,594.5580,594.8535,0
1401199919,595.0187,595.0187,594.6690,594.6690,0
1401199979,595.0348,595.1199,594.9660,595.0187,0
1401200039,595.1871,595.1871,595.0373,595.0373,0
1401200099,595.2936,595.3393,595.1961,595.1961,0
1401200159,595.3329,595.3329,595.2111,595.2936,0
1401200219,595.3971,595.4700,595.3335,595.3335,0
1401200279,595.4251,595.5040,595.3815,595.4001,0
1401200339,595.4802,595.5984,595.4267,595.4402,0
1401200399,595.3602,595.4774,595.2863,595.4774,0
1401200459,595.3976,595.4376,595.3630,595.3630,0
1401200519,595.4589,595.4878,595.4026,595.4026,0
1401200579,595.4869,595.5735,595.4589,595.4589,0
1401200639,595.4808,595.5381,595.4730,595.4894,0
1401200699,595.1902,595.4910,595.1639,595.4910,0
1401200759,595.2195,595.2599,595.1746,595.1902,0
1401200819,595.1356,595.2628,595.1356,595.2145,0
1401200879,595.2458,595.2458,594.9796,595.1445,0
1401200939,595.4460,595.4460,595.2535,595.2535,0
1401200999,595.4716,595.5267,595.4625,595.4625,0
1401201059,595.5019,595.5025,595.4503,595.4716,0
1401201119,595.5467,595.5467,595.4883,595.5057,0
1401201179,595.5917,595.5917,595.5155,595.5467,0
1401201239,595.7628,595.7721,595.5917,595.5917,0
1401201299,595.7183,595.7502,595.6953,595.7495,0
1401201359,595.7626,595.7626,595.6914,595.7156,0
1401201419,595.7117,595.8021,595.7117,595.7626,0
1401201479,595.7315,595.8214,595.6754,595.7166,0
1401201539,595.7167,595.7193,595.6584,595.7193,0
1401201599,595.7067,595.7339,595.6784,595.7167,0
1401201659,595.7339,595.7551,595.6766,595.7091,0
1401201719,595.8815,595.8890,595.7400,595.7400,0
1401201779,595.8699,595.9791,595.7914,595.8884,0
1401201839,595.9133,595.9874,595.8672,595.8759,0
1401201899,595.7704,595.9165,595.7354,595.8931,0
1401201959,595.7407,596.0002,595.7407,595.7749,0
1401202019,595.6943,595.7803,595.6504,595.7360,0
1401202079,595.8595,595.8595,595.7070,595.7160,0
1401202139,596.1675,596.1675,595.8557,595.8557,0
1401202199,596.2453,596.2626,596.1678,596.1744,0
1401202259,596.0197,596.2719,596.0197,596.2453,0
1401202319,595.8121,596.0270,595.8121,596.0270,0
1401202379,595.9070,595.9911,595.8159,595.8159,0
1401202439,595.8995,595.9075,595.8220,595.9070,0
1401202499,595.9100,595.9118,595.8568,595.8957,0
1401202559,595.9107,595.9196,595.8906,595.9144,0
1401202619,595.9678,595.9734,595.8913,595.9107,0
1401202679,595.9031,595.9678,595.8793,595.9678,0
1401202739,595.7997,595.8954,595.7836,595.8954,0
1401202799,595.8671,595.9545,595.7983,595.8309,0
1401202859,595.8747,595.8763,595.7158,595.8732,0
1401202919,595.8773,595.9451,595.8301,595.8882,0
1401202979,595.9760,595.9785,595.8470,595.8804,0
1401203039,595.9257,595.9828,595.9257,595.9760,0
1401203099,595.9711,595.9871,595.9026,595.9101,0
1401203159,596.0224,596.0224,595.9850,595.9927,0
1401203219,596.0801,596.1093,596.0237,596.0237,0
1401203279,596.1185,596.1237,596.0416,596.0529,0
1401203339,596.1689,596.2275,596.1151,596.1185,0
1401203399,596.2496,596.2496,596.1628,596.1689,0
1401203459,596.2063,596.2808,596.1813,596.2808,0
1401203519,596.2350,596.2350,596.1509,596.2063,0
1401203579,596.3338,596.3338,596.2290,596.2350,0
1401203639,596.2085,596.3504,596.2074,596.3400,0
1401203699,596.0585,596.2109,596.0382,596.2085,0
1401203759,596.0115,596.0585,596.0101,596.0585,0
1401203819,596.0085,596.0085,595.9419,595.9999,0
1401203879,595.9706,596.0446,595.9706,596.0128,0
1401203939,595.9044,595.9631,595.8841,595.9631,0
1401203999,595.5661,595.9044,595.5661,595.9044,0
1401204059,595.3047,595.5661,595.3047,595.5661,0
1401204119,595.2534,595.3036,595.2482,595.3004,0
1401204179,595.0487,595.2534,595.0487,595.2534,0
1401204239,595.0656,595.0959,595.0439,595.0478,0
1401204299,595.1261,595.1321,595.0044,595.0615,0
1401204359,595.0854,595.1398,595.0522,595.1351,0
1401204419,594.9227,595.1187,594.9006,595.0898,0
1401204479,595.0076,595.0316,594.9311,594.9311,0
1401204539,594.8035,595.0112,594.8035,595.0076,0
1401204599,594.4124,594.7943,594.4124,594.7943,0
1401204659,594.6829,594.6993,594.4022,594.4040,0
1401204719,594.6102,594.7105,594.6102,594.6829,0
1401204779,594.5267,594.6312,594.5171,594.6130,0
1401204839,594.5729,594.6124,594.5143,594.5206,0
1401204899,594.3247,594.5936,594.3247,594.5770,0
1401204959,594.2100,594.3734,594.2100,594.3179,0
1401205019,594.3001,594.3154,594.2161,594.2161,0
1401205079,594.3389,594.3419,594.2617,594.2940,0
1401205139,594.3600,594.3600,594.2152,594.3389,0
1401205199,594.5012,594.5309,594.3484,594.3600,0
1401205259,594.5243,594.5466,594.4937,594.4974,0
1401205319,594.4295,594.5596,594.4106,594.5243,0
1401205379,594.3275,594.4295,594.3251,594.4295,0
1401205439,594.3810,594.3902,594.3105,594.3275,0
1401205499,594.2536,594.3770,594.2499,594.3770,0
1401205559,594.4028,594.4028,594.2596,594.2596,0
1401205619,594.3583,594.4059,594.3411,594.4028,0
1401205679,594.5113,594.5217,594.3544,594.3672,0
1401205739,594.4835,594.5231,594.4712,594.5113,0
1401205799,594.6218,594.6218,594.4463,594.4868,0
1401205859,594.4624,594.6218,594.4483,594.6218,0
1401205919,594.4371,594.4624,594.4124,594.4624,0
1401205975,594.3864,594.4371,594.3782,594.4371,0
1401206039,594.2794,594.3806,594.2672,594.3806,0
1401206099,594.3005,594.3412,594.2707,594.2794,0
1401206159,594.3369,594.3400,594.2992,594.3005,0
1401206219,594.2333,594.3369,594.2283,594.3369,0
1401206279,594.2778,594.3003,594.2333,594.2333,0
1401206339,594.2798,594.3054,594.2697,594.2778,0
1401206399,594.2847,594.3051,594.2443,594.2776,0
1401206459,594.2515,594.3419,594.2507,594.3076,0
1401206519,594.3104,594.4250,594.2502,594.2515,0
1401206579,594.3553,594.3803,594.3013,594.3063,0
1401206639,594.5109,594.5305,594.3499,594.3559,0
1401206699,594.4079,594.4750,594.3905,594.4750,0
1401206759,594.3740,594.4355,594.3740,594.4079,0
1401206819,594.3265,594.3769,594.2836,594.3740,0
1401206879,594.3987,594.3987,594.3052,594.3265,0
1401206939,594.6199,594.6199,594.4019,594.4019,0
1401206999,594.7315,594.7315,594.6155,594.6199,0
1401207059,594.6807,594.7634,594.6206,594.7346,0
1401207119,594.5562,594.6990,594.5405,594.6807,0
1401207179,594.5923,594.6058,594.5451,594.5562,0
1401207239,594.3521,594.5923,594.3510,594.5923,0
1401207299,594.1499,594.3521,594.1499,594.3521,0
1401207359,593.9181,594.1523,593.9163,594.1523,0
1401207419,593.9065,593.9161,593.8734,593.9118,0
1401207479,593.9335,593.9459,593.8654,593.9065,0
1401207539,593.8736,593.9380,593.8736,593.9335,0
1401207599,593.8567,593.8903,593.8433,593.8736,0
1401207659,593.9458,593.9799,593.8567,593.8567,0
1401207719,593.9823,593.9833,593.9432,593.9458,0
1401207779,594.0336,594.0343,593.9823,593.9823,0
1401207839,593.8256,594.0372,593.8256,594.0336,0
1401207899,593.6691,593.8212,593.6691,593.8212,0
1401207959,593.5159,593.6691,593.5121,593.6691,0
1401208019,593.3978,593.5159,593.3727,593.5159,0
1401208079,593.1564,593.3978,593.1501,593.3978,0
1401208139,593.2869,593.2921,593.1439,593.1501,0
1401208199,593.2960,593.2960,593.2549,593.2655,0
1401208259,593.3651,593.3714,593.2991,593.2991,0
1401208319,593.4915,593.4915,593.3615,593.3615,0
1401208379,593.5466,593.5466,593.4878,593.4915,0
1401208439,593.5709,593.5795,593.5432,593.5511,0
1401208499,593.7460,593.7460,593.5320,593.5709,0
1401208559,593.7549,593.7659,593.7305,593.7460,0
1401208619,593.8456,593.8550,593.7548,593.7549,0
1401208679,593.7640,593.8709,593.7029,593.8456,0
1401208739,593.8027,593.8027,593.7661,593.7661,0
1401208799,593.9518,593.9518,593.8027,593.8027,0
1401208858,593.9541,594.0160,593.9385,593.9426,0
1401208919,593.8611,593.9509,593.8611,593.9449,0
1401208979,593.7845,593.8624,593.7845,593.8618,0
1401209039,593.7686,593.8080,593.7271,593.7877,0
1401209099,593.8920,593.9031,593.7467,593.7686,0
1401209159,593.9721,593.9721,593.8965,593.8965,0
1401209219,594.0090,594.0090,593.9673,593.9721,0
1401209279,594.1127,594.1229,594.0022,594.0090,0
1401209339,594.3136,594.3136,594.1110,594.1127,0
1401209399,594.3150,594.3359,594.2640,594.3136,0
1401209459,594.1823,594.3145,594.1823,594.3145,0
1401209519,594.2465,594.2465,594.1487,594.1778,0
1401209579,594.2339,594.2983,594.2258,594.2465,0
1401209639,594.1686,594.2380,594.1686,594.2307,0
1401209699,594.1281,594.2347,594.1281,594.1730,0
1401209759,594.2263,594.2263,594.0950,594.1268,0
1401209819,594.2333,594.2397,594.2002,594.2263,0
1401209879,594.2744,594.2891,594.2254,594.2286,0
1401209939,594.2651,594.2908,594.2634,594.2744,0
1401209999,594.2103,594.2651,594.2060,594.2651,0
1401210059,594.1765,594.2559,594.1734,594.2072,0
1401210119,594.1769,594.1931,594.1655,594.1727,0
1401210179,594.0877,594.1769,594.0775,594.1769,0
1401210239,594.1744,594.1744,594.0858,594.0877,0
1401210299,594.3071,594.3138,594.1739,594.1744,0
1401210359,594.2466,594.3143,594.2224,594.3071,0
1401210419,594.3253,594.3293,594.2466,594.2466,0
1401210479,594.3514,594.3636,594.3174,594.3253,0
1401210539,594.5033,594.5033,594.3477,594.3514,0
1401210599,594.4960,594.5270,594.4830,594.5033,0
1401210659,594.4733,594.5124,594.4733,594.5011,0
1401210719,594.4204,594.4758,594.4173,594.4513,0
1401210779,594.3554,594.4239,594.3554,594.4179,0
1401210839,594.3434,594.3889,594.3434,594.3583,0
1401210899,594.3458,594.3633,594.3308,594.3434,0
1401210959,594.3618,594.3768,594.3141,594.3458,0
1401211019,594.4042,594.4042,594.2995,594.3618,0
1401211079,594.3345,594.4081,594.3314,594.4042,0
1401211139,594.3720,594.3770,594.3311,594.3345,0
1401211199,594.0604,594.3752,594.0437,594.3676,0
1401211259,594.0612,594.0771,594.0600,594.0626,0
1401211319,593.9570,594.0593,593.9504,594.0568,0
1401211379,593.9036,593.9537,593.8947,593.9537,0
1401211439,593.9113,593.9113,593.8749,593.9036,0
1401211499,593.9070,593.9280,593.8813,593.9113,0
1401211559,593.9351,593.9512,593.9070,593.9070,0
1401211619,594.0524,594.0524,593.9320,593.9351,0
1401211679,594.0743,594.1065,594.0323,594.0568,0
1401211739,593.9322,594.0775,593.9322,594.0743,0
1401211799,593.9064,593.9357,593.9064,593.9293,0
1401211859,593.9164,593.9648,593.9064,593.9064,0
1401211919,593.8148,593.9164,593.7962,593.9164,0
1401211979,593.8045,593.8180,593.7671,593.8148,0
1401212039,593.8786,593.8786,593.7973,593.8045,0
1401212099,594.0399,594.0463,593.8863,593.8863,0
1401212159,593.8198,594.0424,593.8198,594.0399,0
1401212219,593.7775,593.8322,593.7775,593.8182,0
1401212279,593.8665,593.8665,593.7586,593.7673,0
1401212339,593.8605,593.9835,593.8589,593.8751,0
1401212399,593.9431,593.9817,593.8668,593.8713,0
1401212459,593.9793,593.9793,593.9417,593.9502,0
1401212519,594.0984,594.0984,593.9822,593.9822,0
1401212579,594.2900,594.2900,594.0984,594.0984,0
1401212639,594.3937,594.3937,594.2820,594.2900,0
1401212699,594.4329,594.4361,594.3937,594.3937,0
1401212759,594.7260,594.7318,594.4329,594.4329,0
1401212819,594.7411,594.7509,594.7236,594.7321,0
1401212879,594.8832,594.8832,594.7411,594.7411,0
1401212939,594.9304,594.9610,594.8683,594.8832,0
1401212999,594.8550,594.9156,594.8550,594.9126,0
1401213059,594.8483,594.8679,594.8450,594.8550,0
1401213119,594.8526,594.8526,594.8034,594.8483,0
1401213179,594.8405,594.8729,594.8405,594.8655,0
1401213239,594.8756,594.9131,594.8313,594.8405,0
1401213299,594.8641,594.8790,594.8506,594.8756,0
1401213359,594.8730,594.8881,594.8617,594.8641,0
1401213419,594.8446,594.8881,594.8446,594.8730,0
1401213479,594.7725,594.8351,594.7694,594.8273,0
1401213539,594.7438,594.7710,594.7218,594.7687,0
1401213599,594.8047,594.8076,594.7463,594.7463,0
1401213659,594.8460,594.8460,594.7921,594.8071,0
1401213719,594.8474,594.8475,594.8203,594.8460,0
1401213779,594.7814,594.8502,594.7814,594.8474,0
1401213839,594.7914,594.8007,594.7631,594.7814,0
1401213899,594.7761,594.7914,594.7531,594.7914,0
1401213959,594.7623,594.7718,594.7548,594.7718,0
1401214019,594.7819,594.7857,594.7515,594.7623,0
1401214079,594.7584,594.7819,594.7584,594.7819,0
1401214139,594.7319,594.7762,594.7319,594.7584,0
1401214199,594.7617,594.7736,594.7319,594.7319,0
1401214259,594.8674,594.8804,594.7585,594.7585,0
1401214319,594.6025,594.8635,594.6025,594.8635,0
1401214379,594.5980,594.6054,594.5781,594.6054,0
1401214439,594.6107,594.6336,594.5769,594.5941,0
1401214499,594.7138,594.7138,594.6107,594.6107,0
1401214559,594.7191,594.7370,594.7004,594.7138,0
1401214619,594.6828,594.7220,594.6791,594.7191,0
1401214679,594.6227,594.6828,594.6227,594.6828,0
1401214739,594.6533,594.6533,594.6159,594.6227,0
1401214799,594.6990,594.6990,594.6482,594.6548,0
1401214859,594.7378,594.7378,594.6633,594.6990,0
1401214919,594.8907,594.8907,594.7318,594.7318,0
1401214979,594.9551,594.9573,594.8907,594.8907,0
1401215039,595.0089,595.0423,594.9628,594.9628,0
1401215099,595.0137,595.0491,594.9943,595.0089,0
1401215159,595.0472,595.0472,594.9739,595.0137,0
1401215219,595.0586,595.0586,595.0297,595.0317,0
1401215279,595.1717,595.1717,595.0568,595.0586,0
1401215339,595.1685,595.1786,595.1639,595.1639,0
1401215399,595.1799,595.1862,595.1478,595.1685,0
1401215459,595.1406,595.2057,595.1264,595.1874,0
1401215519,595.1974,595.1974,595.1101,595.1406,0
1401215579,595.1933,595.2276,595.1781,595.2010,0
1401215639,595.2812,595.2984,595.1869,595.1902,0
1401215699,595.2801,595.2913,595.2672,595.2812,0
1401215759,595.2675,595.3260,595.2351,595.2801,0
1401215819,595.2788,595.2788,595.2369,595.2675,0
1401215879,595.2322,595.3195,595.2322,595.2788,0
1401215939,595.2249,595.2453,595.2249,595.2322,0
1401215999,595.2291,595.2469,595.2003,595.2249,0
1401216059,595.2992,595.3012,595.2329,595.2329,0
1401216119,595.3167,595.3345,595.2929,595.2992,0
1401216179,595.3310,595.3425,595.3186,595.3186,0
1401216239,595.2947,595.3310,595.2947,595.3310,0
1401216299,595.3082,595.3348,595.2910,595.2947,0
1401216359,595.2924,595.3207,595.2881,595.3067,0
1401216419,595.2620,595.2938,595.2465,595.2924,0
1401216479,595.2657,595.2958,595.2657,595.2712,0
1401216539,595.3507,595.3539,595.2570,595.2657,0
1401216599,595.4110,595.4110,595.3489,595.3532,0
1401216659,595.4078,595.4185,595.3962,595.4096,0
1401216719,595.4696,595.4724,595.4116,595.4116,0
1401216779,595.4262,595.4393,595.3595,595.4363,0
1401216839,595.5025,595.5043,595.4262,595.4262,0
1401216899,595.4756,595.5025,595.3914,595.5025,0
1401216959,595.4637,595.4980,595.4632,595.4756,0
1401217019,595.4189,595.4637,595.4189,595.4637,0
1401217079,595.3662,595.4230,595.3662,595.4230,0
1401217139,595.4528,595.4579,595.3376,595.3672,0
1401217199,595.4154,595.4602,595.4154,595.4528,0
1401217259,595.4765,595.4765,595.4074,595.4154,0
1401217319,595.5415,595.5415,595.4871,595.4871,0
1401217379,595.4601,595.5432,595.4601,595.5415,0
1401217439,595.5260,595.5518,595.4184,595.4487,0
1401217499,595.6132,595.6312,595.5260,595.5260,0
1401217559,595.6418,595.6542,595.5958,595.6132,0
1401217619,595.6289,595.6497,595.6249,595.6459,0
1401217679,595.6608,595.6661,595.6129,595.6304,0
1401217739,595.7490,595.7490,595.6496,595.6608,0
1401217799,595.8457,595.8457,595.7452,595.7490,0
1401217859,595.8432,595.8765,595.8287,595.8457,0
1401217919,595.8448,595.8665,595.8271,595.8376,0
1401217979,595.9012,595.9050,595.8365,595.8448,0
1401218039,596.0211,596.0395,595.8908,595.9031,0
1401218099,596.0864,596.0864,596.0261,596.0264,0
1401218159,596.2615,596.2615,596.0840,596.0840,0
1401218219,596.3416,596.3416,596.2659,596.2659,0
1401218279,596.3051,596.3604,596.2986,596.3416,0
1401218339,596.3596,596.3778,596.3152,596.3152,0
1401218399,596.3681,596.3735,596.3268,596.3488,0
1401218459,596.3743,596.3917,596.3633,596.3713,0
1401218519,596.4446,596.4446,596.3832,596.3832,0
1401218579,596.4489,596.4576,596.4309,596.4446,0
1401218639,596.4315,596.4601,596.4315,596.4565,0
1401218699,596.4674,596.4883,596.4278,596.4278,0
1401218759,596.5177,596.5177,596.4674,596.4674,0
1401218819,596.5954,596.5954,596.5123,596.5177,0
1401218879,596.6189,596.6189,596.5798,596.6046,0
1401218939,596.6707,596.6763,596.6189,596.6189,0
1401218999,596.6691,596.7131,596.6691,596.6717,0
1401219059,596.6021,596.6736,596.5932,596.6660,0
1401219119,596.5855,596.6196,596.5774,596.6002,0
1401219179,596.4280,596.5873,596.4280,596.5855,0
1401219239,596.3553,596.4241,596.3553,596.4241,0
1401219299,596.3832,596.3862,596.3101,596.3553,0
1401219359,596.3929,596.4030,596.3616,596.3888,0
1401219419,596.3606,596.3987,596.3555,596.3929,0
1401219479,596.3835,596.3964,596.3550,596.3606,0
1401219539,596.4200,596.4236,596.3835,596.3835,0
1401219599,596.6061,596.6061,596.4409,596.4409,0
1401219659,596.7731,596.7811,596.6061,596.6061,0
1401219719,596.7136,596.7800,596.7136,596.7780,0
1401219779,596.7554,596.7625,596.7078,596.7098,0
1401219839,596.7952,596.7952,596.7523,596.7554,0
1401219899,596.8687,596.8803,596.7930,596.7952,0
1401219959,596.8179,596.8754,596.8179,596.8663,0
1401220019,596.7977,596.8271,596.7878,596.8113,0
1401220079,596.6967,596.7939,596.6967,596.7939,0
1401220139,596.6514,596.6990,596.6373,596.6990,0
1401220199,596.6375,596.6920,596.6315,596.6514,0
1401220259,596.7680,596.7830,596.6924,596.6924,0
1401220319,596.8041,596.8046,596.7635,596.7825,0
1401220379,596.8273,596.8672,596.7864,596.8091,0
1401220439,596.7726,596.8353,596.7153,596.8185,0
1401220499,596.8050,596.8072,596.7386,596.7492,0
1401220559,596.7524,596.8248,596.7524,596.8016,0
1401220619,596.7142,596.7588,596.6913,596.7362,0
1401220679,596.6883,596.7366,596.6674,596.7015,0
1401220739,596.7708,596.7708,596.6596,596.6827,0
1401220775,596.8294,596.8294,596.7500,596.7520,0
1401220800,597.0821,597.0821,597.0821,597.0821,0
